825
23668
18868
14290
10698
17686
27908
24436
616
16369
5271
11669
8635
15387
11252
29996
3627
26729
8303
1659100
2874300
1286300
1348100
2666300
8808000
9894000
1161000
6562000
2548900
27039
15182
11367
12698
14264
18094
20111
3726
9692
32641
25490
13649
4975
22386
9983
390
667
18644
26481
3759
19172
3811
28094
21142
23043
13133
25713
14061
30449
5361
21371
30257
15170
19430
1061
16340
14004
3775
24905
26522
28936
32013
10178
9284
15888
29478
31521
8556
6154
19237
12961
26800
29740
12082
29278
26130
17792
24836
25793
2975
8690
6819
10303
22607
15784
27763
17731
17965
12433
15470
16488
25527
14913
19121
7404
7304
30716
24378
25442
30004
16656
1264
166
15988
7528
30179
4374
899
2655
7382
27647
14279
466
20475
854
26548
30585
10493
27561
28910
16503
7747
8276
1453
6447
16756
22520
32614
15706
18230
32041
17576
18006
15420
8039
17988
17345
2943
28752
22448
16967
14795
8467
26285
13496
31358
13352
22056
29534
397
5951
94
17805
14023
6518
9284
10619
11870
4558
16934
20050
2723
18912
11150
29828
11025
204
19047
10335
19597
6771
25442
2785
32492
20198
22425
7373
5046
28189
10611
16382
27177
3053
18631
25340
15489
10292
27204
2765
21111
10071
28176
12046
15624
12014
6575
7234
32631
15037
10535
20585
18837
32231
31585
1493
10048
25694
24019
24633
18730
18590
15196
28675
19164
12699
12911
32747
6650
11511
22132
24780
25288
6521
8299
10163
9709
30139
21203
4662
23415
1826
21706
1288
18208
27923
18549
22730
25039
29796
24738
26915
31842
16145
14764
6674
32683
5169
14751
18307
28088
27688
15261
21281
2136
3357
2689
17516
16602
19375
28353
12043
21784
17379
21401
21347
15797
7777
18278
11624
20898
13793
23376
26035
17127
12512
9771
22742
22688
25495
28319
10476
2629
3629
16519
3444
24623
19244
29080
21855
15704
16946
22851
20327
30307
29417
16348
3235
23004
11320
18683
12632
3520
955
23843
18451
26176
24945
22177
19188
6594
29621
30135
22349
30249
8048
24570
16236
31574
16524
12025
28340
32494
20140
21023
21491
15710
14874
18395
17903
31773
5376
29181
5698
8497
23772
2404
18024
25589
30766
29910
4887
31513
15475
1839
18894
27626
4183
26814
7345
24276
32295
12268
26772
7461
19077
27934
8534
7187
25439
11741
22640
14593
15138
15157
4557
2814
25642
5978
23261
28047
126
32402
22501
10414
22970
28494
15257
23058
13644
32154
23788
945
14563
30136
24359
25476
29477
4616
8248
30858
23713
18476
24909
22799
25860
29032
23970
15918
24719
21071
17303
26773
27080
17820
17414
17032
2928
3678
11219
25385
18102
5464
15301
22262
18858
5543
12948
20883
27124
31909
15683
11466
14278
270
16815
22736
15631
13665
14185
8649
15602
6537
705
28303
1910
28605
1571
23727
13695
22693
23975
23989
24829
31422
30947
14762
11619
14591
1796
6874
13403
15549
26909
1755
10935
22220
7870
26826
20907
31719
24777
4312
2106
24657
24193
19717
4335
30397
20708
32556
24525
22124
22587
21568
1160
19605
22511
213
1270
7433
17566
9954
15296
13847
6254
18629
3933
23469
24993
28039
5441
3521
8042
23138
30033
11759
24831
1408
8603
10340
23280
9734
13892
9210
26295
1361
5569
32164
8336
30079
5450
4877
6027
4402
19852
8316
17375
10384
25503
13819
14209
32655
24119
1976
15605
16751
23326
7595
22629
19848
14562
9849
24304
16709
2251
29081
6212
25457
23823
21685
7791
21681
18249
83
28658
10578
6952
1972
26647
20549
18788
8188
4485
27496
26359
23188
1810
32008
13449
24269
22232
3747
14892
26310
7051
13554
19273
911
16394
5414
1754
27790
8499
20339
10202
24098
508
29387
14842
19335
1471
24044
1686
26618
9430
12700
19943
19229
20328
14387
8314
13468
12930
26203
27873
13073
21354
22804
5544
12837
30000
29947
9099
13304
31877
2763
26597
14788
17872
9508
9068
8125
8575
25483
1308
28731
27291
1715
5489
29210
27552
4602
25049
30305
1419
9783
31849
10531
19764
31155
9167
27043
4830
4469
10120
28091
2061
8131
23635
13439
30616
11237
13541
3101
17406
26412
21214
12040
8189
21299
9212
15445
13665
7525
24462
3941
11803
21439
30764
15044
21394
22231
21926
10833
14398
11550
27450
12447
8050
7010
32266
924
6009
9879
12237
27760
31205
25302
8644
11944
17956
13222
17391
27284
2644
24955
9346
32493
20056
10364
21395
11707
13612
9353
12053
2166
18549
15997
11017
26476
8797
32432
27123
28770
27037
26817
14731
28798
21467
17554
18358
3429
8759
30867
9140
4512
19489
22852
24475
22596
19565
4597
26116
7122
17577
2768
22532
11356
27310
28698
1886
20713
29813
16054
24822
22555
30252
31211
23433
7183
26249
28263
16028
32133
15711
9859
21938
6721
24687
29640
25538
17073
21120
12722
27368
29391
22706
9653
7259
21065
2575
8318
1183
32735
32099
17531
18428
11277
2381
5533
814
18155
19095
13917
9310
17745
25795
30205
20561
16702
12518
5136
10208
31099
20154
23868
424
29819
19438
1343
27650
19078
21952
25136
2870
23319
10446
27911
10219
29058
13097
11104
482
7385
7340
26236
15076
16145
10636
21385
28153
5985
11055
4387
18139
19435
29506
7706
11690
13982
32006
11638
23265
31067
16618
31672
26505
7510
26207
2403
11693
16832
18408
24251
3341
7587
32112
15565
26646
22797
24801
24495
27922
368
16626
13833
32669
7497
13889
12756
22104
8960
20129
5730
8417
22287
693
26527
18946
21863
10686
24214
10792
18959
24497
1847
15895
7439
4493
27479
13789
5516
9195
28408
28676
14388
26582
16843
13580
25821
20958
2547
18201
30568
10088
11276
6632
28652
5704
21612
18183
26129
27282
9640
4678
19385
22188
12378
4713
17126
424
6178
21023
2776
20433
2539
32056
18549
6532
26480
28178
11758
17474
19454
12116
17824
29186
20091
17887
25656
15052
9383
22274
1563
9347
2978
32493
7173
19715
6575
27497
2799
31340
23863
3782
25399
1468
27921
32532
4859
21412
19968
21910
6085
20372
20861
8819
29550
7449
20919
18607
26684
29544
28377
22106
16462
22331
12683
11527
9274
9947
14011
3712
17652
11390
18589
25016
23794
10964
2288
17409
19597
6109
4228
14975
21931
31229
10233
6109
15003
6994
32201
27198
17472
1861
32137
1399
29554
1631
11371
32123
24993
3167
12040
9494
5307
19593
23644
25823
19024
26688
530
32360
32245
27607
15874
4023
12006
3493
4345
27386
10479
25431
3768
5750
21644
394
20287
2241
21071
14746
1355
30001
25986
27060
24093
15508
29198
4915
3709
22049
4507
11049
12543
17583
1017
22843
22917
27685
32446
6323
517
23346
8241
28624
13452
23870
2407
12640
5763
26784
25516
31889
14642
15633
21797
28421
21378
18016
10419
15652
18695
5992
11545
9398
8765
4416
3938
28081
23058
2737
13437
27983
9381
3053
22059
16228
4942
29309
26395
10735
14814
4476
594
24303
14632
8707
27089
4216
21184
6116
22642
2821
27138
11931
11028
18960
5718
17025
9463
15072
10931
19011
21353
8611
22114
1171
21667
21692
17157
11805
1518
16990
21463
21437
23818
29786
27189
5359
28879
1589
21342
27271
29973
16766
17271
17826
11730
21598
466
6876
7554
22129
10863
11715
29388
4052
10435
12428
31074
13952
20409
3077
4649
5590
13047
25547
30362
21626
9570
10941
19304
19557
228
23472
18018
10550
7021
10853
27548
16585
3383
16568
9673
23051
11343
23577
15852
22029
24913
24384
30256
28503
14706
11293
19475
894
22980
23054
9674
6905
14262
7253
28385
9008
15066
27849
26659
3798
11244
20171
11961
20601
5391
15996
16022
25431
30553
8238
29714
22132
31122
17432
20692
3561
29753
21069
2038
11903
32456
13039
5476
26492
25146
18079
25733
3773
5321
825
18974
17157
8956
18622
21875
2197
10721
658
15535
5117
18071
26856
26757
14129
7952
30330
25368
9439
26645
26237
11800
32256
3211
20180
17454
23982
23028
10884
18843
22325
22073
26728
12316
6764
8870
21030
21008
12870
4150
24417
18652
4516
18705
18736
655
25197
13139
29135
23234
19169
28943
29845
15043
7466
8596
29222
1266
9524
18414
27882
20330
2239
31408
18878
12772
28083
16625
18665
10969
23219
16533
2897
24551
1524
8654
30703
15734
1616
19425
5504
14747
6806
24366
11389
15933
31525
4203
17742
32374
27065
18736
22203
15163
29572
12728
14499
15168
6529
2022
12016
31254
21253
26502
8394
21142
7831
26582
20491
10371
5377
12868
9459
21867
12967
30330
25118
23758
19224
24472
21682
11139
23267
28352
21725
26198
11180
24280
10879
3062
32382
30091
10787
28175
12387
26001
7732
17843
3378
9777
20590
26366
17577
25604
18322
22522
13755
28411
3422
20160
1067
18851
4284
23264
11354
15784
30778
15875
2398
6553
30906
14287
339
31722
1130
18699
19446
20287
26103
12804
1904
23528
7166
12335
3951
4775
2244
16143
19067
29882
18982
24665
24968
15637
19923
12119
5575
12016
30136
17290
10434
11649
24764
9875
2728
267
11182
24916
17125
27927
15995
25682
18166
31745
31141
20317
13180
9143
22512
23668
7055
10174
22623
29155
25172
23670
17502
8110
21202
12190
9793
3122
27137
6682
1005
5130
1828
24308
12757
8496
30297
15266
21033
32100
2415
28039
21577
9170
13047
12476
2176
21999
22430
7183
7151
30628
18874
32332
4295
30382
8994
8380
1724
16709
28995
4844
26550
4091
26480
25519
19657
1768
2938
27494
12135
29188
4225
2943
15060
8404
21513
1852
20955
9545
12624
22966
7360
31205
7904
11553
13173
21279
19040
22353
14352
8201
9903
32637
30077
32304
8244
20804
22128
9411
27503
24813
18590
2808
8660
9459
24621
19884
8410
10433
20329
6218
24399
23738
1720
5357
11502
10108
4304
10185
4147
7270
32551
31175
13934
31576
31403
5743
10775
23993
19636
8459
17249
13503
29751
25865
1809
31978
6972
17826
26513
19154
146
20665
7232
5411
10689
30982
781
24550
28992
15219
16452
11522
17640
13254
4263
22018
10409
25729
449
13080
20860
13830
1143
13154
27800
28927
3552
19053
26345
14333
14935
22264
18622
17503
9934
26362
31170
27254
29797
31974
301
10471
10811
14893
5691
18256
27011
4868
5342
18478
10203
28521
10927
12798
25562
23904
20523
29602
2024
14467
25116
26631
28499
27321
28501
15621
16799
10822
3746
16774
6173
22788
20735
24299
8639
26863
9224
16811
14634
27111
14513
30013
8461
9394
16951
30521
23217
26433
8535
1466
19154
26164
20413
11526
8366
22432
8127
22641
13147
11023
9291
27262
18781
712
21790
8264
32376
21073
17207
17440
15299
17971
29068
29560
30206
22781
9723
31744
9765
14731
18051
5134
12357
26248
5812
29251
11407
9010
26980
2156
18091
10589
6820
26022
10063
15547
26099
966
7183
858
27825
1015
29047
18286
214
7845
13143
1617
2019
19098
18270
28872
2585
24423
5610
16520
16873
14086
13599
1785
16301
4797
18999
22841
30101
18245
5400
32100
16356
29740
23084
32019
15708
19064
7789
16674
3062
9869
27071
6839
15831
337
899
23935
6784
31885
23913
28475
69
3735
8325
28796
31232
4398
4262
25258
23814
14245
14819
28491
858
12356
7286
13442
30241
29931
19150
15062
7254
3832
11743
30773
16831
21099
25533
1081
2592
21576
27753
25002
9390
8253
6378
323
21446
29061
28832
25017
7391
29452
214
28921
13502
19156
19094
4785
31721
29847
17089
28691
8029
12206
6239
29910
12675
1073
13619
7549
20321
9056
11410
31451
9741
10049
3190
3799
27752
30091
17615
26221
9480
18883
6425
5365
15478
10917
20531
29864
22426
20165
5743
20576
26227
13430
17894
23199
20236
28907
2318
5587
17579
31388
2958
4568
8011
29419
11600
8895
18252
13064
27608
29902
2410
8210
30165
8647
26348
2687
7414
11118
13853
7357
6655
32581
9984
7449
22300
26522
64
1761
13429
3523
10342
16069
31490
29097
20302
26243
29089
31363
19420
5060
18534
1252
491
28224
20018
4600
25734
31017
9351
31754
26715
3015
26010
21578
31340
15712
28842
19918
20232
18522
20625
22998
7418
10403
28825
22868
6400
31057
5008
1964
17791
21894
16671
696
27252
16535
7511
5135
18862
22893
24205
8071
25403
23851
21864
23288
24096
15632
15160
13123
26957
19360
14985
659
10447
17662
26105
31715
840
13981
4422
28609
25500
2583
16555
20049
17134
14173
8813
2708
3787
25105
18097
17130
16292
26160
2448
21206
13186
6132
25453
12802
8437
15097
4998
17539
13901
29854
22730
93
14605
15790
11499
3146
14749
5952
13747
15287
12095
1755
24731
3088
4164
7646
23706
1853
14976
4127
26171
12141
16379
7635
6642
22546
27625
21678
16560
4140
5085
27723
19125
459
2361
16845
27814
27343
16105
14023
4831
4851
30545
30553
7946
25354
3715
27548
9200
392
13494
22592
5008
6211
11508
29300
4974
10107
25618
27398
27438
2584
29669
13516
16737
3892
26291
2626
6815
19673
20200
30324
20182
4108
1802
25887
26849
3594
11759
32275
9309
15057
13102
20443
32184
26850
2003
3488
2186
5702
18263
25675
41
2767
27855
10986
18040
11168
26723
29269
17663
10223
10498
14353
25665
25354
28244
16500
3401
16280
30448
23562
27015
12322
24272
7224
21722
12498
16897
15135
13806
3706
30623
15043
12488
7895
30977
32621
26527
19992
18737
26958
15854
9626
28831
12644
20935
12278
24854
3490
8042
24125
21998
24651
790
21122
1156
30367
3359
13209
12519
6841
23617
28191
31444
31928
29236
1722
30437
14109
13952
24994
26629
29300
7059
9057
11559
27703
6673
3799
14136
25839
30315
1152
6993
14748
1203
1786
5426
11351
24239
26817
3564
8246
16428
1854
31453
19568
32148
14080
10465
10945
18627
17737
18375
9488
14359
13004
18946
18000
17350
2997
27809
29348
11637
234
31618
27334
1542
9872
9666
7849
17841
31698
30327
4957
10838
8157
17826
24628
20497
22575
13663
1827
14352
19474
3935
11370
12705
6499
5784
29047
22927
9880
8507
30472
9135
22018
3815
19089
8886
32334
28444
17117
589
19538
27634
4087
26472
29191
19723
587
10963
18129
9926
19721
8717
15623
2485
18378
27226
20655
18002
29558
27156
21385
6381
18021
31810
14928
20969
964
31340
20284
20008
8763
6317
28107
21444
1484
18441
11201
9984
4351
4865
4973
27518
20796
10341
21295
9650
19064
2154
1591
28822
9748
2044
31375
15263
18689
7765
6236
9456
5417
12495
20065
17359
23050
20726
10180
30549
14500
8418
28437
3433
32406
20932
652
21999
15492
28862
15762
30268
7099
30200
7043
4301
14104
18928
30643
5433
31526
13585
3759
19557
20870
28040
9413
29943
7060
14163
30150
1037
16455
19098
21002
24110
20825
29763
3253
7297
2984
9409
7993
12860
14045
24876
9756
1632
10315
19095
6908
21924
27930
12190
28624
28846
24484
23614
28528
10889
11295
7146
1880
2900
2173
8666
24232
6967
9104
19367
24176
22940
3954
29205
3883
13467
11044
15407
28553
5301
20341
10394
10354
20678
17189
16675
16967
7733
14923
11418
16235
20846
25844
4835
16386
658
20749
1866
4856
27244
9091
27927
22597
2984
27816
2658
6256
31807
7129
15657
30034
25398
22110
1696
22557
32392
13713
24776
16541
17761
12354
4675
6589
31372
13147
29799
14156
17199
11712
24465
24833
5558
4985
12732
3773
5389
7187
9042
14865
11282
16451
24129
26880
32074
15053
2898
22022
31442
4260
18871
22873
15001
25683
17634
30574
23245
6299
23710
14527
2707
1630
4952
11980
2811
18876
14013
19039
15411
27259
30347
26389
2811
25516
23968
12314
21080
20107
24920
16948
1421
13480
31509
12035
13895
19780
31
17799
19224
10750
11183
17378
31270
5807
3910
22111
23589
12434
23875
1972
11138
30888
16821
1668
993
25946
15726
25640
13770
14177
14169
12463
671
5603
14349
6179
21714
13790
929
25870
18516
4298
1474
3133
5969
28282
17412
9668
16154
17988
19062
30531
29027
15201
18041
29543
9646
14486
17362
21171
24327
28436
16381
10624
31218
15518
1988
8002
5794
15593
4881
11022
29547
2632
21249
31065
19322
29065
9785
24323
3524
7449
26493
32148
60
31599
19071
31941
9033
25768
31476
32066
26999
17263
12781
10414
5997
17696
13669
743
24607
21805
30230
24716
4420
26560
16274
9917
25611
22434
11918
14370
17929
23387
24961
13103
11894
21915
5998
26022
21402
1240
12541
6493
21634
22073
18385
7745
10999
24499
20502
13723
31153
17778
30809
17042
2759
3706
15261
25585
4714
11406
22955
23339
2515
15184
10665
25757
13946
15019
31470
25874
12681
18542
30741
4236
912
7481
16464
28226
10362
20637
11007
24037
4032
10367
27010
551
27868
30653
31563
13438
27649
20501
10295
26149
7945
2882
29982
4709
13999
28519
18089
9746
23550
29361
9827
88
15881
25144
24083
28856
10205
28711
23882
22093
12980
27933
7480
17492
26731
12499
30403
20459
27190
30206
7899
27417
28563
11639
15623
28943
12668
3225
20548
18349
5601
23274
22032
14920
12117
17150
26562
29099
25864
10905
16924
11611
22261
22036
27427
8736
21084
23298
27182
8640
27251
9747
17982
28686
2393
6200
16013
26915
3403
32519
29034
23788
17946
27746
25923
17381
26332
12627
10244
12579
16354
59
30880
9624
21739
31276
12012
10387
9111
11155
21940
18822
11807
15386
11017
28428
7746
21964
31448
5930
5251
1914
1985
27861
30609
9822
30245
22197
22535
29439
28033
25385
15445
1364
25595
13707
26878
17452
18491
22709
30981
27598
32124
6852
23201
26588
24035
22044
1080
1149
14095
19372
30091
15034
29937
29299
22831
7209
28382
24642
23100
8649
2786
12228
585
25134
11096
1981
13207
29406
6839
10127
5004
30970
27055
7426
31075
11553
29557
1860
13603
22161
31835
2863
17101
399
7843
23755
15834
29962
31125
532
10468
11131
22223
13053
23972
21263
14813
31412
14620
6408
3593
32296
22549
17504
26228
3017
30668
25520
1126
22670
20201
4689
6115
3645
29360
6337
28287
3815
7291
27720
1139
4529
25448
20955
11247
31963
15951
10304
16050
8442
25079
7539
3545
14728
20361
21321
1012
22175
10052
14163
11615
5122
4979
4613
6864
16733
24476
4375
21036
24526
4091
20780
16799
6307
3374
10930
26859
4454
14386
17929
11520
16663
31374
15079
2510
10936
9934
16123
5719
8463
15667
10192
3848
30631
26793
17397
23113
17688
18425
20315
15187
6792
22336
1790
10049
21618
3488
8135
28778
26790
821
9393
15343
21905
13131
44
30096
5823
11982
13503
13764
17054
21249
2288
19976
13701
22643
10856
28535
28148
20016
3155
8091
32286
21812
1286
28547
13988
12325
28388
10517
28324
31553
20610
26278
3314
8341
20489
18632
13989
23663
30172
15971
18134
26135
635
4872
29604
4282
23464
14209
17531
30887
21704
30893
15767
4286
22155
6283
25795
9252
10703
32148
871
8252
27074
27726
18881
15059
24903
32542
14195
18587
22428
20573
27966
22491
4153
2735
19469
25444
507
21392
1333
12743
2433
17456
32763
13509
6871
25729
14423
32007
13905
23694
31479
5648
9402
20494
8839
24175
16046
6201
14896
12345
17221
20442
10590
28086
498
26022
19655
18011
23466
10444
8361
18424
24392
973
24658
4147
1328
22926
16102
12853
20018
14508
7517
9379
18866
22799
25035
19408
18182
6082
21476
29745
13856
25857
8895
20753
31597
22676
30682
21381
15100
24668
15199
28067
24291
15660
28069
5615
23775
16858
14842
7958
32570
2197
9888
14303
13554
4728
1557
10078
11543
1376
3479
6507
16757
31739
13544
3922
29811
7202
17231
18636
1595
26473
11743
14638
25883
31220
11003
23777
32043
11148
7962
786
11057
18161
18120
24490
22209
19314
16878
31105
30633
27836
25682
18638
2700
17648
28513
6627
14540
27896
6445
2071
14253
28442
1202
9475
8888
18381
3933
8177
21854
26828
6095
401
2014
29290
8670
20462
13161
5925
31708
11937
387
23933
18716
20292
19116
13319
5555
17962
26688
3005
22396
5965
23964
27800
95
3976
7298
14433
1490
15879
26815
4036
415
8699
7946
3494
20456
24722
25392
19640
20073
5926
31086
27468
8446
7605
20254
360
8037
19857
30359
15641
20548
8280
6734
6410
5486
15143
11073
24917
28002
14859
20117
31385
28181
20408
20093
8013
23793
3454
4703
1876
2077
26488
25138
11729
17663
18695
31019
10556
14335
19838
11160
18870
18830
28959
9228
29081
27751
20039
31676
23636
6421
15077
12841
18294
8886
23088
18431
12808
18686
30362
317
9760
11135
14335
4759
16563
551
2595
15897
27563
16138
18267
8972
32313
32097
31626
17693
14189
25043
21327
3772
18180
20468
2941
21187
22657
6412
29900
4440
21631
2073
24526
1044
19525
28439
1316
13669
17307
6526
15857
10032
19676
18445
8335
19643
11085
6598
21889
23499
28589
1594
14505
14601
17165
19718
6843
938
21474
32414
14066
1103
6489
585
12546
810
24810
15725
12109
18787
23088
16397
25945
20922
5368
6800
8834
27757
9624
16580
14572
23132
25474
7714
20668
9067
30232
16212
31624
11304
9154
13556
7179
20142
5950
5015
30238
31433
3896
13578
31460
8538
11291
7899
9540
28413
20518
12827
31388
6634
17858
2147
947
18201
8211
8725
20976
19114
2509
18916
25802
18307
30281
20887
896
29243
26840
3081
24330
31543
18007
10357
4175
25618
25859
21232
18072
17474
20111
15927
14917
16633
26740
31403
14271
15434
30345
16026
22189
32653
11219
960
12651
25860
15774
7694
12471
17599
11468
12202
16302
10428
14702
7734
31736
3155
13457
27989
13887
10961
9306
8811
22245
8548
28246
5541
31478
26679
31755
21562
23899
26333
3539
30704
24657
10227
12266
6113
19226
28673
1477
13951
4082
15266
24485
20694
11845
26853
20077
29457
1311
4082
10672
30272
10724
20209
15375
19288
5953
3367
2498
30587
18530
31074
25972
9594
5222
18328
18260
28825
24080
29131
6761
19602
27583
47
29733
11996
31648
7311
27198
23852
26658
29933
31417
1341
28842
12649
14920
461
31369
356
15573
28904
24107
996
27743
32616
5264
3898
16901
3517
22784
7139
5472
4586
4859
22189
30230
23248
7280
7706
17324
6319
14383
28425
30620
20202
19615
1171
21928
4874
14004
12084
30317
15622
18716
10027
24635
27842
19385
24099
8740
2261
3924
5138
9555
6799
27024
13154
10400
11067
11548
14415
6753
1697
29229
10128
17538
1743
17196
22585
32472
19737
427
5344
23474
3167
6046
22526
689
18574
18632
10137
11738
12137
14451
21536
31978
28298
30564
7831
4841
10915
11790
2547
12802
31754
14086
23496
18834
5237
15799
4129
10879
29186
13655
17583
21963
17274
15386
24359
6505
25046
16037
29413
28495
770
28613
10709
21196
2530
26721
13459
28
6035
941
1489
21050
16883
19361
23802
13045
4963
2474
25620
20806
14283
20383
25835
4577
31455
3318
22892
28170
31649
1080
23375
13482
14631
13490
14073
24994
23711
3182
9632
32607
25744
30305
29360
18094
5475
6374
4205
28882
21281
22635
24538
28629
18558
29290
12250
283
32535
17564
14230
20029
19704
5225
4126
4116
15201
27298
29011
26643
19146
22386
13828
25562
14372
12946
27479
24329
10082
11197
28523
14162
22328
16228
25403
1747
16930
25506
29638
22690
20649
370
15981
2985
226
3616
21660
22452
10039
22781
8876
10440
11369
24919
15880
17591
27862
18600
24207
28401
7416
13582
1850
32413
22319
14331
8703
6888
14016
3374
4853
4509
9245
17890
1720
31735
13927
13381
15
9651
20017
11051
26828
27240
19847
26116
10740
32027
4398
11531
3872
19982
3886
2497
31011
730
16014
8090
9197
13501
11359
31990
944
26933
25084
30802
32065
30926
143
28096
32192
22584
13783
28820
13691
30620
28201
17761
31248
11312
26549
14372
5074
22538
2827
8894
31342
17458
11486
14248
17615
24826
7431
25826
20542
24722
9932
25388
25294
24535
26211
17785
19703
4460
6066
7329
20097
7948
16985
854
17059
13598
26354
9817
22381
27786
4503
7405
21603
1740
30117
9613
13419
12359
30400
6874
5865
15579
17176
13527
19496
4793
25322
27224
252
14198
24905
1720
19877
13151
29214
18379
11255
16141
14702
6163
6328
28473
6107
14647
25674
21201
8302
29360
30345
14154
7059
6342
2551
1849
15205
32699
8727
30493
25900
12102
16662
29823
13348
27203
8368
2878
6529
24232
29266
13604
15791
4539
27260
18364
1758
23682
7018
29800
26814
3195
25331
3758
24967
31886
28593
3283
18493
14912
8546
30379
20530
2857
18574
13999
26060
26280
2411
336
18568
14293
26109
18059
1599
31671
13185
25022
15273
4024
32524
31674
15903
17493
9584
21273
4773
2074
8799
24274
22055
16078
23251
32522
31491
6379
26284
12333
32712
32593
7579
29758
829
26426
27456
26219
22950
8817
11919
11493
1858
32703
10360
15598
17432
20390
15815
9524
27892
8530
4169
21085
1452
19405
13104
483
12455
6002
32440
22306
16288
7076
18187
18095
16808
9408
31330
19436
12906
13903
27246
7385
11955
32129
17654
20525
21042
18391
32705
10662
8828
21023
15286
157
11090
933
25410
29917
12327
27048
2042
26037
5853
1803
17282
24396
28624
19533
8109
29237
16149
19387
18917
10563
27396
32228
5582
4511
29683
10830
4902
2327
22853
18535
15088
18105
20388
27838
30673
20897
11402
5747
3514
23055
11014
28909
9415
10429
28093
24010
31591
6255
25135
23324
958
19915
26939
6610
28743
8555
26853
22644
29630
28721
11096
22036
14397
17882
12071
29057
20901
5590
19672
18621
12095
30295
21923
27825
20643
4521
3959
32032
16857
16833
12862
16602
8895
2584
19042
3634
15786
25530
9360
6065
29008
3993
9916
28940
29158
25384
14949
24660
9605
17189
11290
20333
8146
16566
9277
29121
222
3256
7431
29237
15179
13652
31180
15709
1457
25043
9088
15339
31551
179
20091
4462
12198
7162
19833
13113
14898
18378
5605
27552
31802
24374
22871
7531
9915
852
22619
23428
17216
4243
21108
10483
17413
32335
14176
29964
24411
23715
32158
10215
14926
25727
16942
21265
9862
19962
5528
23169
30571
24809
6703
10702
12941
29616
22423
18847
8002
19544
26501
26978
31121
6114
24518
12609
19534
27611
7555
28753
13959
1585
21955
31501
8223
16197
3889
19972
8633
25153
26912
18638
9175
24492
21452
5444
31043
3644
7650
3825
30895
28139
31555
16067
22936
8524
26885
16134
22640
4384
4795
7059
26107
28197
7415
581
26106
1326
30989
22445
16647
6520
9753
1031
19904
14652
835
3180
21799
16513
5953
19529
13897
32308
28958
25359
27934
12154
1594
10796
177
17733
12691
18235
7296
10278
14402
11895
22822
28258
30537
10614
30775
14407
7819
13844
5996
9920
7452
20909
7936
8232
8891
1167
28505
22364
23197
16814
4587
18708
17261
28314
29018
9075
18576
10159
23774
19420
173
5259
23276
30472
13677
24774
3859
1877
6271
11485
14116
9569
18912
2926
917
18136
4953
24235
20263
6026
32073
10761
31175
30913
8356
11320
27314
2769
23100
21848
32221
29936
17215
28010
24724
24392
4865
32516
8545
21323
19964
23113
30511
30279
26134
17433
943
21050
12322
9605
5371
8423
21160
20358
10874
19753
4585
9966
16643
7816
7454
19614
10821
17162
16641
5626
29542
11083
9102
27034
7914
27856
27915
21570
13783
7833
582
27157
29718
25589
13342
18437
5149
6555
2116
18830
32203
22773
32579
18084
23699
17855
31678
28138
24797
22993
12025
3876
12457
9017
11932
27119
19318
10381
6067
21680
25954
26496
25336
20426
32146
8626
20053
22804
13268
27597
32677
5002
8579
13005
17595
5954
14764
11167
5285
32162
29806
24814
13873
32209
18855
21306
12209
11627
16077
24362
25596
14713
3097
24099
181
11168
7403
13593
8656
3992
28522
17829
20049
3296
5994
30040
12887
18608
26772
16208
14938
9264
3008
1032
29617
10983
934
2932
22103
17782
25782
27982
23534
1158
17476
21419
2052
6143
8936
19409
17814
18042
22053
6476
15826
30970
13640
16191
3105
11990
3475
13305
29541
28154
8603
29384
30847
848
14319
24594
1557
10104
31994
13217
32146
23487
15403
23871
22894
4943
13395
6019
17583
31907
2894
7402
19376
32574
9445
13097
2593
16797
24819
194
31311
19306
1223
24790
18853
6130
21450
10554
22131
11481
7009
5837
15087
2316
13845
21512
2426
32760
18930
19926
7716
21754
17964
19110
10609
11030
25609
30655
22622
7403
12026
24788
15775
4326
22539
1497
24619
7607
22654
789
4858
4865
10163
32631
31245
31318
2124
21805
24752
9314
12430
10355
17660
5734
21001
24745
15519
27625
17531
14249
5856
170
22514
21335
24541
30424
4657
7546
10519
28037
23381
19914
15153
31577
23992
23113
5365
16771
7446
16855
23448
10997
2286
25857
8255
11217
3627
24859
7873
5406
27652
8590
22959
20672
20513
7026
14226
6567
32255
26464
1395
1094
1429
11649
673
27463
19768
6123
22958
5245
29372
16174
10939
8730
18396
17705
2805
9250
28123
4643
7520
24095
21612
26647
10452
5399
8144
16462
20293
31163
14910
10035
19015
737
5255
2660
20688
19508
23034
11525
2624
19754
7045
13913
12960
31799
13854
3731
21543
12865
30817
32233
14851
25171
19323
16875
86
31125
25414
3347
25982
31612
14773
9373
16537
11838
22899
4248
16712
27529
15303
4670
23732
26996
15803
21633
3023
4022
28797
2790
16093
11541
18693
29334
10802
8482
29432
27059
20541
20004
19149
4328
27845
26450
17198
11076
9587
28485
14753
12360
9105
31404
32359
17470
31505
2882
5028
2765
721
5885
26561
1995
541
3976
3855
594
22390
32244
16557
7702
31889
1707
6827
7925
2979
27045
29039
2768
10716
21214
11864
7578
31537
3847
418
17326
863
30843
27530
3686
6189
12406
24754
22249
18673
30849
3526
836
24405
16433
32352
8637
23899
15121
11049
20067
7327
4829
13122
5866
29405
2545
17634
20662
32690
8704
31040
5430
1959
6921
10163
22643
107
24199
29719
19945
12896
10985
7284
3989
4953
4929
18906
15183
16035
10048
26767
31322
11842
22370
19309
10042
6524
26982
7813
1477
7324
4353
27912
16765
3568
211
15976
9757
9236
1946
3770
18034
20850
3494
9823
1388
30986
1677
5347
13685
24687
11039
21285
16897
786
3996
20664
5991
10947
27173
28810
15599
29045
7537
14531
21804
4162
23489
14832
30860
8111
30230
29025
7725
11568
11169
10959
1778
18927
3451
9539
24279
30409
19094
32562
2177
4505
30708
11757
18202
10170
10518
1081
14939
20935
27832
3129
24810
31909
443
14485
5351
17348
22627
12501
14017
16545
13250
15630
31311
29584
32628
5313
2588
10680
11661
5376
29954
1119
12496
8658
6650
1384
26402
14041
1586
17689
2110
27442
31072
13602
27817
27805
1111
5339
16617
13790
30167
31438
30962
1123
2474
6005
6113
20774
3564
5445
8172
20693
29355
14827
16025
16177
30640
11477
2351
31156
27803
1780
23914
11638
14134
4032
14963
7249
5123
19325
9743
15683
17687
16061
29207
15381
9003
2855
30248
7226
17649
18806
4507
762
12452
17605
2488
27856
19427
31497
6182
21008
32191
1759
15782
32460
14099
22152
11522
8697
21780
21553
25151
22478
4648
25464
14874
13165
30972
22573
7603
3013
3536
19029
5763
4023
8726
27509
24211
25975
1596
16653
16624
22838
3526
26722
24154
24318
6559
18304
10812
27613
7345
20352
13281
27205
20147
13319
4068
19891
322
15375
30184
2447
19252
4074
26250
28499
32297
10371
28052
14320
6754
17384
21619
15470
13527
773
22764
8658
899
5298
15370
31812
1027
4593
15707
11633
28767
28528
22108
559
30248
10326
18993
21343
25539
1596
23961
11800
16388
10872
19234
18178
32767
15522
18329
15615
20250
25169
10949
28433
7527
25638
4181
27000
26673
9228
1302
11802
28885
18621
5225
23592
21971
17033
18933
31487
16933
3411
31641
27724
9936
21468
28580
18804
12984
22596
13129
12339
31928
17869
13645
17027
5106
20451
30979
23999
27236
16985
30074
19720
19901
26358
29941
31464
25198
25648
2203
26165
21763
31031
25712
24120
13748
15157
14212
18959
12855
14292
21611
32592
8665
8450
15852
27631
6093
26097
27645
5986
28612
23905
23792
16130
2238
25889
18151
4533
8735
6867
32141
20170
3845
4593
24584
19492
13273
11021
25385
10139
548
28765
3046
10143
26276
7030
28171
3870
23968
10328
812
26792
8568
6571
28126
3282
10112
21064
32039
26584
24334
10235
1074
17030
26322
4999
23111
4696
11366
8683
5883
5344
10790
2788
24228
14952
14146
4275
21264
9177
7698
3360
31863
14299
27817
20415
16045
4926
13228
12658
11932
22681
10085
303
23538
9008
22291
11780
25367
8475
28292
21080
23394
6309
13798
1139
30092
23795
17371
4161
24165
30182
5579
32338
14789
32577
638
3110
18886
783
15082
31144
5680
21311
19785
20472
10293
9874
24175
1389
11871
31927
3419
8923
7366
3508
13580
19985
7558
18567
150
23974
25968
9485
1396
23030
16640
19748
22560
3943
28047
24844
20193
5617
4810
23316
26340
29149
28771
22130
32655
12748
5127
15730
24594
11772
11151
8915
15167
19655
18298
19053
9627
28780
8603
9496
12725
29202
15375
17354
9910
19978
27762
1535
1338
25941
10066
1886
20062
30822
8164
4249
16666
16168
4086
3989
466
16963
15397
23243
24615
22940
2128
17390
12051
29722
12365
15821
25397
3248
30938
6524
27497
28824
27862
7854
30620
15068
31409
870
8671
10523
1569
1743
11705
11658
16918
13159
20930
25145
26353
3171
16237
16792
6384
10832
23846
18489
4845
2806
26269
25559
26953
6273
26465
21400
31011
11235
17328
23951
22477
3700
17294
32133
22144
16091
21524
28921
28238
32050
29451
17509
10329
25189
30905
17859
22083
1755
13307
80
12005
31833
3220
9616
9028
7971
8133
1938
32704
612
2846
2165
11663
31695
22931
9003
10346
4743
18130
29053
31878
21820
19668
21327
24774
23447
12210
6950
16687
30425
31675
25575
19868
21951
10691
29666
24755
8104
23997
20750
21271
19193
29581
27286
3807
12993
19991
31637
30536
12185
7324
2846
30886
14287
2630
11648
21665
19139
3073
27336
32413
11152
16525
28295
7290
12015
5841
25813
32638
8281
11891
10389
10639
620
9893
9979
12966
11920
20290
7244
8832
6106
28697
3557
4759
13617
6793
9599
11344
22191
14670
20913
22390
27209
21146
20406
11495
29619
12391
625
397
15230
25356
15022
7568
31108
21007
21675
29642
32389
20283
20183
28028
8466
24562
15833
7743
29098
12484
16852
29757
31268
26432
24810
14496
3148
17929
27391
29771
25553
22317
19135
3272
8031
4275
26594
11650
21768
10099
32430
20789
17896
1067
4286
32674
29961
3790
21251
4999
9604
17439
15624
7374
1001
18815
7546
13061
32481
29443
22503
19470
4882
28618
12230
27416
3651
4238
17592
15310
3521
23672
9229
28109
15361
26681
5002
25692
4486
9046
31081
3671
7429
4035
1442
31341
5832
6068
105
31628
17232
30128
25080
29080
26942
25319
6030
2659
24180
32709
6584
3802
28791
10951
14287
4220
11287
14734
15554
2833
18515
18482
20757
20120
14455
4824
15914
17793
10631
3463
30400
27420
28384
11831
2233
1618
8733
7467
23584
31891
31288
16257
25450
20751
7665
20488
8444
9257
30068
31313
9710
18216
16182
11273
28175
14384
27680
4229
15657
6770
1775
27295
24966
32415
10971
16577
32690
4002
19830
3903
19331
30606
24536
29930
21079
4309
2809
3554
15005
14268
2910
28843
7319
20491
28664
387
22621
21257
16457
4083
3366
31143
19912
29349
5571
22268
13447
5493
11884
30449
20243
11722
10175
21822
8603
2343
19206
16533
85
10749
21433
32284
29982
9924
8772
16673
10337
32585
3081
19210
20793
23626
27817
18314
28890
27968
23679
14619
23853
22652
12398
2472
24250
29045
9949
5001
26059
10593
26111
14005
6862
28162
12120
20019
19964
27331
27773
6610
2616
24579
31003
28698
20282
1201
20026
19586
14060
9753
29379
3556
2580
31229
21824
31021
2100
22248
29412
21593
26286
18111
28619
11679
19244
10137
1154
8936
17727
20176
25802
15750
2887
25177
921
13859
32402
23632
22626
13559
15048
27863
2454
25151
13446
11809
8299
23274
11081
24266
10716
23957
29326
5738
26865
17337
22071
10345
32320
6947
7729
10517
10420
29605
30036
18673
909
13580
14218
31312
26024
4433
27444
5411
17921
26388
27081
27920
18806
10309
31680
3524
24014
6437
27569
4489
1529
31597
21687
17947
15257
31180
12312
5047
2498
26519
26152
23158
17662
10429
26218
14809
1173
22009
2809
30373
16651
29003
19238
29425
15337
16040
355
27773
5313
5361
18528
30021
12140
15138
13171
23126
20374
9676
26173
27873
3453
10437
20363
24974
2037
28957
2938
14866
30640
23381
12511
27908
1980
31180
3557
16364
5965
24442
6136
1950
18621
736
4834
17094
465
19775
13108
17091
16702
10761
16360
22201
28011
10901
30532
11489
121
4630
15106
24100
13697
24014
18349
22505
6940
7551
31566
6187
12073
12323
28488
28622
26570
14556
27009
16179
19888
24622
26818
24842
2969
13676
20577
14183
5910
17520
30493
3864
22162
13199
7497
19767
26768
32205
3629
6907
28724
7500
28841
979
2821
14859
2843
14774
21489
12493
32387
29620
6034
1622
15589
6866
7599
6877
16111
14612
11270
12735
15580
24283
9800
8561
28312
29297
28518
16312
5925
7651
28683
24092
24381
20239
26217
27290
17209
32253
25401
2201
6193
11635
6141
13855
27749
22979
23177
20805
18139
18920
449
4584
2634
30417
32676
19362
32567
31997
23690
3064
18782
19528
30633
26837
19539
2565
12510
4920
17257
22860
24491
553
4307
32149
15228
18929
2057
2950
6446
29578
14190
7178
8657
26709
29999
13731
26285
17931
13166
24577
30340
12022
24480
5587
22551
27233
20787
2269
3563
26957
2932
27723
1869
869
22193
14661
8852
52
29850
8643
9382
16534
29677
9635
18878
7276
26451
32249
21356
18580
901
21158
14301
22809
26802
28204
22108
13222
6949
25536
21785
1601
28451
23457
3113
5685
27666
31145
8655
31568
27361
4641
15354
6991
29603
8410
27406
31127
7805
13945
12775
12070
31683
20499
20252
7880
18270
19706
11136
14734
27505
30422
4591
26492
5692
20471
5191
26754
26432
7145
16820
16814
30627
22089
4657
2719
16855
3032
11083
12093
11383
18894
25128
31143
15473
6001
7881
30829
12906
11749
1164
5376
5982
25158
1013
28262
31879
30196
14765
19506
29313
16686
16075
15796
31659
27619
20051
14701
32208
10436
25596
20677
30471
9886
14391
19457
31191
11239
15724
17007
13471
4247
647
739
2101
2617
7859
24679
29134
32321
2661
14127
19486
20128
2461
15819
11200
21654
2921
30368
23255
32199
8874
21913
14326
16274
31770
28186
31805
21662
30094
15670
11461
30901
14969
25633
15167
5846
2482
26344
6615
7557
2167
17247
18015
28006
18097
29787
4265
5642
22649
13602
8244
21769
10460
6432
32011
2897
27099
19420
8171
7357
17846
3370
19876
28138
13675
15777
16833
29766
8313
3919
27755
3177
10729
11948
18315
2729
20111
30669
1839
14824
14478
3034
10543
15537
27674
23234
10256
1156
12674
29997
21800
21357
24685
15027
7683
31707
28771
14411
16646
21168
29328
19206
13650
1941
22725
23293
18924
22416
11712
17031
16410
19928
8877
13744
25872
1768
5613
15847
28363
10706
30485
7671
8254
3030
11322
12857
30892
12851
23660
8455
29269
9789
17280
28531
5204
20400
29459
20025
23496
18756
9419
13043
16434
25473
480
4492
22302
18901
987
18935
23302
32228
21150
7713
6515
7455
17317
17444
3173
9368
24203
26813
8949
10004
2768
13824
32057
10594
19161
12874
8040
6380
10296
2936
24638
4236
13614
8790
5794
24481
18286
27226
19079
1889
20516
29075
27920
8817
30006
9436
23543
27315
20426
9301
13359
20831
29704
15380
14280
23893
9761
21783
19220
17329
24720
29309
19720
28320
4000
3830
20196
26227
9774
28281
28439
20722
28592
14389
23388
31475
17270
27849
15914
8235
32048
3255
6987
25923
24241
790
24522
14382
16114
10376
10515
2747
10842
29292
1878
7014
22588
8789
16172
16500
6562
2490
20093
26943
9545
13807
14497
18894
25836
6227
24005
25768
10181
32460
24977
26346
24146
28784
25864
2712
17237
17029
6063
29489
5662
31148
25585
14470
18956
19289
15042
5067
20306
21382
17027
25327
22775
21161
27941
30249
17441
2019
14738
23508
1170
31610
9288
7804
14963
19849
2887
10553
21840
23798
2350
17979
26725
23205
2977
27559
5144
7403
10477
19106
10438
18246
30959
21674
26306
6731
30002
11053
32667
32735
9303
11604
15518
10154
5306
6176
28316
18377
27218
27833
2798
21955
985
4355
6581
19391
31533
24177
22886
19956
1271
4894
15239
17504
29578
22810
7859
15549
24846
22529
27108
10417
17629
1235
27890
19525
30765
9215
10838
28824
28144
12737
28212
11989
8696
9390
22169
26466
863
16014
12545
14682
24102
24425
20764
3646
2076
3813
17617
3559
21761
12239
2436
3775
5612
4599
9876
22065
10218
22081
20776
15710
21992
22777
32044
3602
4563
5735
32662
11254
18685
15779
9710
24071
22467
26027
26381
19526
24685
6323
4389
1457
2389
10684
6401
8819
26188
2152
28302
22104
4409
1805
31387
1923
13827
18184
10717
15715
5553
16212
10550
31715
17616
4443
14134
24289
10517
8203
12003
2530
31300
7469
12213
16388
19024
242
1765
14388
22724
8143
15848
416
13665
21131
29238
3183
30217
25751
23119
10928
988
15517
7168
7569
17312
29531
22498
722
7526
19634
3621
13945
10090
18170
16523
31942
30780
13465
30135
2153
25629
5076
424
12531
10668
6373
14209
28043
20930
7757
26763
26594
18074
28523
21628
15209
26165
8526
28410
13505
5116
28104
7771
9586
3496
17603
22447
8161
1887
2008
15360
12156
21279
9246
6872
24888
5984
32320
32260
12349
22773
25811
8856
10975
23604
31974
819
25553
8534
23770
22404
917
33
18804
11533
3639
9924
18736
32039
12603
2
472
25671
11732
17554
5206
24191
13143
15302
27335
11592
15854
28524
11472
19070
19857
22258
20021
3244
2354
15821
27559
24714
8760
26906
27102
15300
3119
16518
2792
11517
23742
32364
28097
11540
26585
11070
11299
5542
27703
26662
2719
24788
25607
19693
28397
5702
19935
23835
4225
2415
501
22624
5982
19731
26513
27186
7471
7
7874
31928
17556
22329
29265
13031
23226
2288
9715
19947
14126
32084
29890
456
19955
26672
21486
32065
10194
12279
19888
10489
13553
17925
2176
25048
11687
21544
20104
12976
30095
25439
10584
20768
13531
24545
26075
25017
7147
7777
5258
18272
1311
18065
23007
499
26857
18149
8973
24624
22566
13721
4846
2258
28846
17141
15165
7932
41
8400
30213
1499
18725
851
29529
1928
7782
7935
20294
25387
18557
18417
17414
1638
27037
5733
19574
30193
21417
13434
19147
10625
1169
14645
1920
24303
15583
13511
7314
10390
25741
21011
8432
15101
12826
12651
10285
15798
18397
24730
27257
9093
15256
5160
10447
19909
15440
1497
8560
32520
19036
7287
10383
24830
13757
16593
14670
8600
22189
1028
4841
27500
13434
31481
13873
15708
3733
29487
22333
25970
31718
25787
5980
8975
5219
17805
6989
13381
22753
8692
20915
21121
19754
7781
32195
25197
30799
18040
23104
23316
16192
19763
26793
10312
19865
8843
16561
3136
191
552
29679
17542
2348
24425
22999
30225
13831
21160
22505
9389
7928
27583
31272
14756
8250
3530
28622
23959
23794
14383
16446
10669
15295
24796
19514
29680
4498
17360
28502
15091
28352
19421
21932
29880
16981
30892
22994
17618
18348
26113
32521
24007
29244
22592
23479
4536
19381
29233
2072
22084
30796
30720
25904
16297
21842
17288
20484
14124
26124
19920
5385
28860
703
29142
14301
25554
32266
19596
25397
19355
13432
24097
5399
29273
14934
20609
23369
19463
7106
1823
13321
9275
25349
23538
26366
25425
22819
11709
27247
11974
13488
9108
10419
26850
10980
18844
14824
21402
5874
27410
26088
23220
11158
19855
633
18732
25325
12682
452
28119
8330
15390
17673
29510
14790
11789
1936
28397
22615
3078
30179
27524
27429
7203
17722
29358
6489
23734
24375
23001
27574
22597
30163
22117
8236
31443
5017
7432
23466
19553
31762
4209
11829
13493
28800
17195
7479
11354
11470
20677
10265
32488
12488
21040
31507
646
10632
29032
17475
26796
3888
24662
24317
3118
19167
14070
18787
24694
30941
31925
6197
26128
6937
24861
23786
18541
20438
26547
12799
2272
24737
2848
24975
23277
15750
7056
23076
5571
14467
23640
26061
24327
5437
9435
22384
29395
16626
2222
8802
11519
18095
19194
4149
14239
21443
8482
2257
716
24691
2214
8390
27048
20719
13384
25057
10396
8837
21613
510
2276
30997
16069
31772
25934
8389
14638
16311
27710
22517
27606
27218
17142
30070
16032
16211
28180
16118
9674
21011
9052
959
8652
5686
26808
20386
30339
19000
9341
18989
23950
28745
752
5669
14329
18779
21769
17712
792
1657
19575
13265
5302
9306
14563
24985
25200
9526
10873
6556
22619
7384
7589
32547
749
17141
5146
21152
4122
32700
16153
743
27581
9902
7920
24218
31546
21424
15297
31205
15457
7774
23428
7276
19350
6051
22863
19330
5423
17798
469
17564
13854
4423
6446
31749
20432
23467
28118
29651
21333
11156
7415
32537
1984
10964
27627
17758
20433
25923
23292
6734
29393
32272
21871
32176
27838
20308
8898
22424
2472
10221
32049
17630
20571
7049
29055
1998
62
6401
27634
28961
9851
15081
5792
21805
3680
1637
27881
24920
4358
3133
10309
26066
2096
8244
27200
26500
26741
6806
18370
3651
18082
22545
6548
17226
19546
27589
13856
5095
24575
14238
30840
11380
982
24290
14490
32649
12389
18182
6387
28016
11808
6854
19745
32729
12869
885
15869
3535
17157
3217
11993
23531
9956
26010
18438
3272
25442
30244
10906
30134
3803
30764
29039
11187
31148
3240
17263
23703
29335
32353
23311
18574
10857
9989
10010
28619
31449
10872
26800
18555
5300
31852
29326
4344
22839
25649
28048
4672
25276
29390
18035
26277
154
8016
10464
6342
10822
32098
11174
11965
11710
16926
4680
30106
7463
2851
18359
8465
16308
7144
30304
4975
2507
1360
24937
25042
24675
27518
25400
26778
11185
24042
13622
1051
32003
30132
25810
16788
19436
11833
6600
7269
3745
11237
4515
7036
12707
25928
29824
25361
12958
25195
26390
3731
25233
1636
32243
26338
4912
5928
30216
18622
13191
30625
22120
20352
8159
18432
24397
6151
10469
24661
27228
12278
5641
22876
8234
1309
10021
6042
9982
26932
22879
3241
11993
32207
29520
8913
32435
7310
7270
1752
26376
3988
902
17434
15763
11835
22774
26332
18010
12806
8059
6365
11754
22488
6334
27694
30948
8547
20724
18500
3256
19170
3518
11596
13745
18699
9294
16830
20018
25407
31436
24117
27455
15877
14584
2942
12862
27062
27664
9966
15359
18810
8692
8441
10491
26226
16264
2561
19161
823
5722
24940
1847
900
32133
23289
22438
31791
29141
3668
2806
32606
299
17640
11189
30967
1315
23028
12274
12120
28917
24801
22086
15433
13977
1491
21526
4654
1839
23678
14610
24962
29341
4411
11265
29312
10874
12378
25793
18211
27691
30650
1929
6481
22091
26264
17778
2387
11601
32677
26166
4233
21356
29019
7991
3164
30642
6288
23491
30067
16506
4428
23190
5930
29958
18904
17568
23360
27238
19479
8457
32207
14232
12569
19059
15746
29940
29422
18815
23554
2760
4280
14482
689
21311
14596
5337
24475
4999
28251
8330
3754
4146
23059
14957
8985
16605
16747
20124
25898
26384
20696
17543
6172
3174
12697
3642
23639
11246
7569
15587
491
2768
25942
16014
24376
1076
7302
10548
32750
19551
24666
14068
16441
28447
27773
22432
10293
3434
29214
31611
7080
7746
25924
31553
12784
14043
13409
16744
19002
7680
7723
6310
12277
11955
6567
17331
25479
19988
1158
16976
23358
30852
2997
26504
20617
10761
560
9526
28008
9716
6679
12487
28193
25026
13315
25921
2869
5953
14490
1668
16274
16884
12385
18897
16138
2999
3538
18312
12548
27814
23983
14902
881
572
20885
11982
27138
25016
22740
2615
23960
27077
15230
2055
12285
22361
27582
5775
2001
8670
363
13335
22727
25232
5085
12650
11281
19238
26112
32150
19736
28596
6310
24301
11889
26576
22306
15695
6924
2804
12818
25004
1967
19491
7292
20164
6307
30927
16157
5937
12206
24315
5629
21672
5697
7837
3143
9340
6129
10822
2648
19811
8491
15108
10774
29309
13860
15240
1411
30610
22032
28292
21394
31388
7828
21591
18233
1669
17277
5100
25799
25393
11954
27359
16760
9919
23655
26850
24902
27660
18324
31328
9987
21113
31398
1632
2725
10991
6260
9131
2529
30240
29044
10545
1787
6159
31023
7593
2524
25810
12274
19064
5989
27286
21703
30164
4867
7397
29603
2089
24195
17700
9185
8379
11304
23648
2799
23950
14075
12874
30536
23171
21859
1407
10146
11203
6645
28941
4712
22368
30349
21299
16746
4666
5534
4457
5588
17440
24006
23968
2140
5944
21414
24779
14784
5793
19952
28318
26480
8278
12225
9878
6279
11862
7474
9785
5888
15106
24106
12447
2343
17606
25462
28465
16205
13563
8731
12209
2496
11788
14570
17275
11003
1240
5206
25610
14873
26968
1155
16573
2448
642
31135
6619
26139
365
23157
3286
16888
28597
10559
30156
8276
15649
27324
2643
21764
20611
899
4470
27765
8160
32663
23803
20454
5073
30779
26600
31188
14889
3080
15941
20150
3032
7484
4642
28139
18960
19029
8668
3825
13990
21727
21405
16087
11194
27274
10786
4597
22170
1151
30401
7642
6628
20724
27818
20358
23275
23294
31085
29146
15964
25767
1724
30796
6178
10049
2418
25055
4742
28154
469
18515
20635
16048
20760
28568
4057
1286
2085
27017
3336
29623
5017
8663
12384
4138
26895
26179
17646
7239
6561
16145
16185
21130
28076
11193
22310
10325
28116
6111
31001
2699
32072
7301
21085
18522
26951
24960
31942
8280
4580
13096
3476
9170
4102
8276
2971
25696
31922
13446
4257
8125
15757
8802
6664
24022
31388
29285
19629
13601
8527
2515
12303
10544
6334
7665
9396
22406
2866
26485
6600
26281
26855
10811
17928
27513
2064
25913
26590
14527
1564
16053
20685
19721
20024
181
16400
21174
26901
14776
20606
26189
31211
21923
32177
5907
3262
17150
1127
21980
6624
30816
8744
17953
25271
28200
30762
9555
3008
24686
5489
15471
6100
27962
27706
4051
10410
25331
13978
16720
10398
21274
3683
22656
16816
15672
15431
25945
17872
26132
576
12547
27737
12074
25903
28903
2267
601
14787
12297
7965
9692
30876
25239
30818
3195
7600
22466
7660
30210
5870
32204
23743
29683
1570
11362
13991
9848
23065
26925
25724
17819
773
23204
19877
19129
17954
23844
6363
20020
29850
28226
14895
28009
2471
25184
8783
19682
29687
6270
29445
2764
3668
8275
23808
13739
2948
1692
2775
6988
22894
15285
15691
1019
16255
18534
31949
11767
15436
17663
1088
7459
26233
18087
18687
4862
21721
14065
17442
17109
20950
18864
24829
5688
24084
1293
13546
5546
18001
4054
25673
18844
20624
14873
22724
10141
17526
29682
11480
24523
21236
9889
28816
7821
8486
9183
11156
5764
31355
8051
16483
26302
28183
26368
5341
12589
23413
19489
9220
30040
12881
29879
23811
849
27077
1410
29552
6887
29362
23279
1230
2844
10593
17457
14166
26074
2666
29843
13815
7137
11989
7949
11675
5380
21376
28693
12204
6293
28608
22967
7638
6686
8011
26088
783
15953
25430
792
32213
11330
32506
32518
8119
32468
29404
9176
26135
27249
23565
11115
12334
27391
14895
31976
22097
3599
24794
26776
18034
11607
6206
22009
18921
11618
12553
6161
22645
5254
3979
23554
7293
3607
29207
26079
3228
11738
30381
4030
15965
1980
9175
16142
22083
28612
30929
17451
14605
30279
18668
22576
25143
29787
26164
11533
964
15501
24401
17369
21307
17367
21675
32105
10224
22220
10450
6433
20100
12054
4124
5642
13743
32034
17296
10789
22589
14874
23298
17407
2135
22036
4736
19078
4
5769
32493
3867
23280
14600
30188
9704
23915
11819
11520
6260
11444
203
21489
9844
23672
15728
11889
2277
30102
28171
28927
27479
23077
32232
25868
3980
10936
6622
6236
20289
4320
24777
7088
28748
4851
30778
5282
32487
21772
22892
9936
8780
27475
27258
30780
8066
8575
14288
21747
32374
23449
25055
13805
1357
29698
4886
12085
32249
15031
4621
2377
31242
31188
17411
2500
2247
9047
13194
12090
4990
3111
28545
25700
21528
22613
22083
28285
6640
31905
8478
6891
20710
31040
17415
28706
32431
12764
30091
26054
10863
1757
29449
26639
25225
5095
21791
10866
21685
14243
2146
3454
11348
18627
15954
7172
11009
7232
27277
25466
12137
16614
8258
11169
7772
5139
25577
20838
25124
5052
17713
18694
29717
4528
21818
2934
9317
11297
19717
29442
5182
12128
30761
19252
5650
17640
14279
6135
26671
5022
12735
22524
32147
13655
36
18013
18689
9627
29934
24449
15956
3497
17903
11583
32276
4538
13577
7750
24391
906
2205
27836
19337
7701
26694
22565
8543
11934
29128
13959
4297
20214
6723
8395
9750
5371
12205
15975
30460
23391
3710
29754
9704
1963
24493
31415
12179
29059
29404
8006
14038
20267
2256
13543
17087
19274
8739
30745
8932
10222
9789
27130
28151
4817
30336
26287
20123
3803
16835
31494
4726
5863
11266
15706
12168
24010
7763
11704
13243
20369
21276
24895
21179
14347
29316
31949
1543
12936
21287
17112
29513
18143
13070
14489
3299
22454
31966
9840
8394
17917
27983
30596
18839
28092
11488
15530
30171
24591
12746
22152
31155
32366
32306
2810
24221
23346
3746
2484
25994
853
3258
9257
28469
5498
6691
15532
16050
18989
18373
12501
19018
20843
3386
17191
3718
10597
21634
18415
6026
21121
28152
6511
13476
1186
132
5948
2597
18857
18963
13541
30064
8508
17476
23509
30544
4550
356
9339
6287
19134
21917
10920
31940
15405
8298
312
5996
18282
19022
2292
14140
27944
19142
11959
23478
7347
19068
21712
2299
2167
13757
27560
3552
9154
21293
32165
28739
11723
12986
12877
29600
28146
2254
3247
28127
1353
18889
26878
24176
31060
6574
32128
31642
23565
25628
25254
10768
13611
12417
26237
4806
4260
1674
12101
19202
22129
30430
29022
17078
20369
7179
15468
27917
31824
10176
9139
22340
8137
20542
17859
8635
9386
12809
30554
3916
16183
31203
5510
7899
28818
27386
17162
25390
20281
5473
5379
3327
14544
20669
29387
23376
20769
20289
11550
26111
29281
23772
4219
30362
29364
7856
30413
25460
25332
26311
7243
8441
10926
28673
15261
32062
9582
5713
13632
14813
9533
24361
17963
30719
32359
26163
4531
10938
130
578
684
926
171
13960
18385
3466
22803
17417
28518
27076
443
28495
26139
25417
9851
20064
23860
19554
24137
13037
23527
23160
26552
1228
5
29737
3775
8361
12765
9628
8124
3832
20318
12049
3000
10029
4731
25020
8685
29488
14036
16083
645
26379
8850
3302
11941
16614
5778
22383
22954
9526
10695
3242
24499
19249
5081
11686
1375
19845
2834
17564
25816
29513
14715
5505
11280
1332
3394
15575
4170
781
26719
12488
6877
19810
29559
22645
13108
6013
6145
11660
2586
13716
26023
7192
18996
6976
26351
5278
12751
7728
10522
1125
31197
20767
31565
10261
11833
2819
10478
27780
23347
28296
13137
20940
13384
1468
20116
1185
6193
17932
9671
8673
5664
4207
10832
22637
22598
481
29326
23864
6040
10259
27581
26013
31955
28257
25370
7158
4797
22276
10823
17002
11694
21641
23280
30726
27728
22401
32175
21519
13731
25723
6189
19351
22596
17967
26251
5455
12014
12284
17408
32668
28225
25749
1731
27885
32706
13559
21291
27211
3620
27550
10772
5170
9926
30712
13958
15775
5244
28186
7825
3434
22418
11954
23419
1494
24334
19260
23838
10855
26422
31353
31883
14323
8530
12573
499
8956
2227
13000
16840
20541
2292
12088
5407
15235
22912
16317
12633
190
12884
22765
8962
31576
15879
1176
28665
28613
27911
30719
9425
29532
3621
23104
20856
1637
20564
20245
14614
5235
4525
6590
14648
20212
8119
27708
11310
5638
19686
14016
19121
25484
32609
2915
20682
27777
7432
27159
27119
27789
30902
2270
10350
20438
9411
27706
3087
12057
20174
25572
23540
20985
2233
16320
22469
11159
8948
20753
1034
1378
31743
3050
5592
19505
26922
23781
16816
13199
7328
1814
29092
9045
11427
7746
9915
9087
8217
29005
2455
14904
9288
30962
28245
28727
20446
7863
20405
28494
5940
28703
1403
28480
21971
4641
14869
25812
4408
2265
25469
10023
22740
10110
17249
32582
26455
15508
12930
22012
26926
20066
15194
29673
3146
31655
18433
2004
15652
21641
26449
26435
13566
16334
27977
15688
15723
16462
29359
7069
19729
11944
30713
8691
25006
15157
12142
12168
15193
19514
12937
21240
23819
3170
9886
27733
30301
15723
5311
13689
6803
8991
30945
9371
26842
6790
19515
23841
2510
12634
3823
8885
9791
20923
5356
667
15157
22052
6675
10050
28465
6558
24985
2585
19638
22579
25772
30627
1544
29606
21593
6606
9780
28769
29357
31873
21328
16047
1818
16500
1540
9259
29213
28740
23114
22905
9246
11207
23921
12339
31640
7581
32104
21798
20089
28423
32057
703
8908
11772
4820
14272
23189
22906
4622
17975
22268
2075
18665
20145
22190
23784
28950
31659
4993
15985
23224
4425
25431
1054
13419
9547
24644
3520
5253
4924
23539
31083
10140
236
8773
27528
10312
1825
20284
7462
1065
21130
15384
9361
21036
20724
18367
11302
32267
16064
32354
2917
19731
10389
25694
30280
8234
13650
26720
14035
5904
19527
16589
9453
30949
27556
14433
20590
1516
17201
11798
4473
5774
26432
19527
29452
11170
12257
15125
11221
21483
6228
21002
6472
2786
12996
3324
28910
29878
1074
18484
7168
7058
23727
2000
28980
4638
32718
20070
16599
8008
12633
18154
26396
22340
31299
17874
22708
17873
14814
25975
23966
3519
22350
16831
28225
8622
10046
5881
26296
31256
22993
18440
1133
27794
1243
4036
25065
2126
7762
24989
25834
7141
31487
15746
21174
18515
9593
31489
32432
17731
8532
20399
18217
14990
28310
5322
21624
21246
24938
4125
20045
27735
8729
17444
31554
2200
26933
2929
32435
25726
19480
846
10448
22346
11661
2468
3312
24516
9932
21019
21033
640
31916
22147
29213
23904
29972
9843
23062
5210
8370
23087
8790
31611
27888
11471
20392
8748
4644
414
21307
9141
12807
22721
15536
24831
14953
30489
21106
1950
24611
17770
1094
2574
17996
10940
27683
27965
9648
26113
20803
3914
2173
11001
24954
19341
28224
1619
5319
8151
27664
19733
28457
14075
7433
6973
5299
31885
30461
9640
25571
7657
22373
25396
2608
7287
23710
20770
18146
21806
24402
22206
20518
8535
8244
3137
3682
29844
32240
26870
8646
7200
18273
7324
26148
856
32261
6156
26881
8571
7343
2331
1516
29870
13948
19906
7438
11843
520
8828
6147
29754
9442
4080
12520
23560
21309
23504
12213
664
6120
257
4557
26000
22656
29436
20436
25045
27108
12404
13761
31569
18665
26937
308
20980
19279
15196
14857
26616
23796
19348
31021
7530
7496
15584
4528
1254
28929
19310
20508
30114
23568
3772
17414
32429
14291
9981
18402
8057
6540
22974
15132
27032
32018
25033
8804
28611
1990
30281
8777
9760
30665
19760
2057
6085
4972
7382
21671
5496
11496
24802
32319
16824
3664
26222
23447
7682
25027
25446
28150
32077
27110
7473
32057
32727
7825
25236
14883
31779
457
23763
23285
31042
16623
31769
26174
7763
30262
793
8181
15174
7771
30198
19653
20197
5776
28768
16296
11796
14009
9985
26039
12375
23514
6167
17473
1430
30416
12130
7450
6429
29504
24896
11573
9703
2766
279
14709
24604
22671
22259
24001
22488
16576
14448
21079
31022
184
10459
7010
19821
31515
17556
22222
24993
5201
31670
7259
30301
13110
24570
9200
23736
14867
2521
9779
9366
3022
22769
11094
41
29021
5034
15411
183
29568
10777
10652
4253
31920
8229
24044
20116
22354
25320
27874
11827
23601
3416
21936
437
25899
24614
11086
20733
22571
28902
5908
8663
24151
21617
27016
5505
7050
18567
11637
32618
31236
8377
28989
22841
24160
31366
14959
14353
22471
31941
22428
10003
8292
9795
1127
2853
535
28588
5084
29682
29550
17583
5379
32306
209
6237
9652
11052
22012
6354
26540
20857
31667
17944
19425
2826
7600
28744
10259
17517
27873
24818
19108
20811
29136
13247
169
10806
25443
8789
16961
14241
21957
18299
31014
20016
21924
7550
5505
16435
17309
15315
25859
10349
1012
6141
24625
21017
22153
19890
25087
25135
27399
12857
32161
9699
1375
14102
26270
10862
18037
24553
7974
530
27928
20372
24741
23128
9016
12444
29336
18333
11091
31954
25504
27084
561
26674
22740
20077
18641
29451
26460
13279
2723
26464
11324
4577
13304
17806
5741
2904
19638
25648
5938
11596
19280
18240
11433
7987
5109
29311
31392
10354
30728
15126
26027
12065
18897
23677
25715
5134
22642
21660
31569
4101
26652
19248
5660
30287
31362
2161
13375
121
31630
16114
6926
1879
9811
11464
602
19783
13892
22510
28482
15802
14499
27112
12621
17905
4668
28327
13750
11013
3410
31405
9479
298
986
31857
32489
10292
31207
15621
10299
29019
15462
21494
8033
21051
22539
4724
19167
18719
31883
10674
5670
22142
8204
4240
20653
12230
30425
27768
836
3929
4955
389
12198
17877
16965
28139
11853
28825
30478
13459
7818
31109
23716
23301
7380
17408
24159
7819
13153
11072
15667
1171
14579
13766
1323
19030
4597
8743
30482
30647
1990
12562
14963
6510
10837
20623
27589
26213
28654
3205
23263
21602
1875
26751
3506
24551
4111
1711
23350
2903
11527
16436
12965
22873
9554
4760
25320
18049
1866
1693
30286
1582
483
29753
30340
1710
26684
18399
11458
169
4980
11520
12866
5564
5823
16850
25846
16996
31161
14416
5242
10014
27898
2178
31560
27852
11498
6142
22571
18523
1750
31407
15350
24995
13380
12501
24437
8590
132
1613
5540
11133
27784
30483
11807
1511
17654
15621
23514
13891
24186
27369
29714
21545
27745
14514
6531
22452
9572
25855
10204
10026
10945
20453
29552
10207
26001
13038
12590
22102
20053
6753
6867
10666
21202
964
9054
17964
19999
17824
20420
17230
18172
9348
2022
2240
26725
14668
29632
1752
26727
3235
14563
20023
20787
3015
11301
19114
24689
14989
19351
9550
28886
18084
5303
4600
8697
24605
2791
3027
12898
31531
542
17739
16356
24360
478
20266
25134
9945
21606
15105
21404
5619
5672
15562
7251
26590
22909
4043
29580
31672
12952
8894
19248
413
16312
20270
14758
3366
418
8228
13800
12591
6223
27651
23005
2270
14306
17841
7907
20961
27101
2295
18602
31734
28307
1579
29257
20913
21217
4364
29067
7802
3609
30445
1162
30165
15423
8214
32128
32742
18552
24679
24793
28468
7103
15166
10637
941
9178
7835
10156
16106
18060
22914
11579
11701
5389
20897
32062
27336
21431
15411
12566
16088
10754
24100
2061
466
3762
6006
21808
8549
17487
15843
32605
28864
31190
2756
18332
9629
25518
