10000000
14697
10445
12373
6035
11142
2332
186
4781
13475
16577
6675
23048
10139
769
7969
4025
16189
31801
13402
2470
28647
11554
32295
9963
30552
2899
20303
5245
7871
2824
7091
17677
25367
30241
829
8240
30647
13422
2323
11452
22309
26921
19216
14965
22060
2500
19828
20201
27950
20966
11994
22936
11195
14512
22635
29528
2657
19268
32338
11512
3782
4232
1135
12580
30197
23079
6992
15752
22774
9945
10589
14137
32673
31205
21586
24144
21939
19428
16115
25816
13858
30919
20219
27882
174
20251
3925
12822
11705
9356
654
25093
21592
5032
31115
26717
22186
18150
17015
12773
10345
29927
17408
10986
25534
29179
22723
31969
8282
31463
32516
20301
16578
7398
12451
4067
10730
24301
30539
1516
6406
4147
4333
13548
2973
24561
14445
21121
28127
8806
26267
21389
824
26399
8036
21655
15653
17525
8010
24943
29767
31831
32017
24593
14262
24138
5051
8908
9879
2733
18615
26020
2033
31554
598
15092
5308
29930
25214
11096
10299
18096
6562
3273
19084
31241
26097
21770
18814
22618
4814
27460
21410
27067
3201
15597
18853
20731
23596
6637
14812
10468
8192
7172
14881
18112
21424
7526
5086
1564
32038
681
30311
459
4470
23521
9101
24110
9744
8458
19056
2227
16953
3494
1172
4252
25788
24486
10551
32002
4572
32142
27362
17433
32142
18389
29503
18357
9701
6538
28970
31501
29134
15422
19722
5567
10237
21277
30562
30741
21031
350
1443
9351
24690
20446
4421
29313
8490
5639
3349
24166
24757
27127
1233
6868
17865
23518
31474
18218
15836
168
22729
28487
3548
4061
9421
14485
23329
6341
29492
24647
16544
4815
17600
28382
17505
19763
18396
17650
16691
471
12263
25903
6302
3952
5840
8094
16665
7913
7395
549
1149
14344
15074
12882
698
2383
31320
5204
19656
26400
2090
25418
11233
17957
21871
7873
26862
13551
14977
29047
10303
6365
20564
30053
11646
12864
29703
30973
7142
11196
10425
10673
1712
14578
19358
18356
26062
2139
20050
18180
17116
3191
27501
424
12884
24616
2391
24374
27905
19032
16222
5529
7606
9442
12549
26385
14143
10928
13215
379
26264
28961
29213
25299
30045
4269
805
26359
12418
16587
9572
25262
10052
27410
5668
28648
22111
31135
13857
20296
4994
25784
28824
735
19712
17326
6306
1595
29128
25864
12480
18336
5527
12765
20663
18069
9580
24706
7582
31650
16445
14950
2101
27993
2024
31033
17784
5779
32364
32596
13684
508
17241
28501
11354
16082
17797
26377
20946
4841
15617
24976
2705
3571
331
1211
8238
25086
4037
23993
6961
9534
22118
20723
878
24845
5808
16692
31377
4656
29922
12813
25849
32348
1902
27000
5322
760
31405
21691
11069
16677
7378
13455
9275
19196
26141
21634
16427
13846
20817
20890
16392
14162
6247
13371
10166
11218
10628
24906
31382
13127
26665
9875
9816
16239
3753
26216
4112
15580
17377
9867
30604
14582
14627
1615
9445
10563
25715
24569
5205
14310
10998
6508
5192
14694
4007
26630
2486
12209
14924
3013
20143
32353
27305
17838
24376
13373
11251
3439
18517
3587
23687
19011
3431
5733
24028
4886
30648
1873
182
14826
1109
20597
413
9849
25628
26371
10638
17435
16917
17073
26352
1771
17414
11269
29385
19493
31041
16335
22066
6611
11201
19447
25609
425
18293
27000
31461
11053
19420
30637
9039
18715
31698
23756
24111
32263
16298
12208
14212
29764
28028
11995
29016
11525
27584
10427
23284
19138
25116
14636
10320
23261
27771
63
24013
25222
1119
13881
9254
13020
5240
16607
6308
18516
27253
11761
28050
14687
31514
14069
28401
30791
11411
12853
16237
27738
6920
5387
24975
9803
2929
27484
24883
13269
172
26723
12605
22177
9932
29872
4488
8810
2229
23920
4383
18015
17382
2286
176
1481
11925
21594
26941
9197
9217
32458
23317
18228
27396
17790
10499
6025
27367
5480
25541
7171
8827
30187
10687
7108
5477
4324
7921
1569
9146
31719
8487
9731
32716
9931
3183
9356
13891
4968
9168
7934
31855
15007
29241
21465
14556
17051
14264
11076
31271
27223
14060
7854
20497
20064
30397
17333
15058
27357
19530
32327
9392
32460
16675
7687
6607
13454
10681
27378
12875
13222
19
25922
25220
32702
22210
15506
9657
18666
30742
16964
14041
4401
1426
23328
19349
19274
11166
13373
1466
22179
15740
16165
3774
31912
19837
14644
4504
21313
5493
16961
1749
10396
17260
18049
1769
23598
32406
16295
5827
18676
14470
4432
8868
9471
7838
1183
6960
31279
16330
10020
26822
7231
14958
4355
10509
16385
1692
22098
27343
6123
12427
10178
23563
6611
5956
26242
7749
20983
927
12128
13601
26432
11118
8498
17200
13512
29944
25204
2314
7321
3753
10802
23197
30648
12039
20521
32452
18274
4328
10281
11548
2965
32738
11453
7699
25298
2308
15630
24897
22306
9155
29189
28156
31831
26423
20144
8742
17300
8072
20455
9034
10255
22435
7983
21991
6422
11057
27870
24332
17744
29897
13696
25637
11078
11364
30330
32021
4897
2578
5613
3205
21941
16620
477
29307
5311
26186
19091
19758
18539
22838
15423
15385
17946
15904
15330
22862
9313
25299
27499
23821
8277
7847
22816
8085
26630
760
15936
27962
28233
28632
4327
24760
11195
24833
27953
14279
28930
1805
6562
21999
11862
234
10950
27038
21569
18824
2580
26488
12706
11732
25624
20462
29432
24298
16850
29458
9949
29830
20825
9897
27601
29628
8643
8834
11065
11754
22089
30471
1447
3050
5287
21010
21596
6540
12994
1538
25612
25923
26509
1805
19681
2078
813
21208
3010
27130
29276
30276
16596
5623
4363
9611
14145
13096
4171
6797
6713
30095
29549
11620
31543
6984
26728
23358
3462
18948
32636
12140
15107
24761
1557
17078
30244
4504
2290
17650
27961
22592
16774
17621
754
8241
29343
10760
12322
12163
30789
5502
12994
10712
3813
7174
11833
16271
5551
3868
8411
23866
20540
18437
21167
28498
27508
10523
8565
3626
18863
18789
19943
9762
23066
32362
11840
28701
32605
14407
27131
20021
18810
25600
8925
24749
1784
18452
12085
26406
28994
3924
18787
16918
30794
30196
22679
10359
29041
19683
14043
26044
11691
18264
6228
13321
15070
18094
30660
1699
21644
6257
11348
22694
18354
23225
3217
21494
19952
31414
17076
25719
9193
397
13862
2945
24301
9058
11843
1934
17878
17590
4703
9270
12591
27124
27398
18014
13980
17734
2184
2220
9077
22189
29365
31806
2741
21073
1510
24987
27155
16662
24893
28137
10862
3951
2605
28769
32622
32375
26940
27649
27241
11070
1031
31104
25731
8288
6279
1415
29722
9693
32148
16158
12641
17188
27815
19045
32330
10097
6372
2948
30122
27737
14168
7652
21912
26276
23679
19360
26901
31066
21257
6454
13555
7968
20445
14723
27631
7621
10079
32238
28193
6169
26606
5859
22422
29182
32177
14467
25147
15041
17300
30617
7932
4522
9613
29392
18990
14545
14372
7204
16170
18996
26930
13975
20283
17159
11753
23589
32699
22859
21012
8185
29560
20386
19616
8417
861
15202
15708
8192
19022
28904
30717
28611
10323
2607
16485
20246
249
15265
7205
1239
14581
27436
23872
20362
14091
15769
18994
32079
27694
3609
1840
16402
9961
1057
9394
4610
13821
15224
30511
15940
7756
12943
7207
25064
26613
29456
20583
31004
18113
10425
31625
19615
8638
6763
5306
21369
15913
14718
17600
23786
4497
15192
26939
5792
32570
28990
23850
17196
1216
21097
10930
13495
6652
27741
2587
24561
18475
11638
21020
6987
15437
15812
15704
24166
22732
23065
10536
5579
2654
25951
12699
24284
25644
9263
20155
16395
18228
22176
22290
12617
6380
9309
2925
2241
19752
3835
4064
8135
18237
24201
30218
17419
22119
15464
15514
18707
20840
28765
26642
19944
5490
29668
6348
2831
27719
20423
16954
15546
7583
30704
26481
32064
12234
6523
233
9163
7062
3856
28542
31568
30579
28528
8379
26053
24021
27213
18520
16270
4826
26463
21249
5944
11565
7092
30298
3433
17962
2376
575
28951
30019
7381
22352
27641
6818
24044
9901
21307
15631
25925
24318
28790
32533
3412
27319
22239
28512
4380
9114
6335
14442
3400
8061
28963
29527
6008
14925
13780
8733
24537
339
9609
5351
4344
25526
26204
16060
25048
19521
18555
15707
3650
2151
8480
6250
10588
8324
20931
31696
32381
1382
20366
29024
29760
14092
16145
23991
9687
18605
30775
17511
9890
26109
1656
5973
9216
15787
31057
5471
22886
29998
6385
31810
2734
2497
21302
4539
30897
17068
29911
18413
1047
6342
739
259
29294
14136
18538
13846
2426
31107
27769
1361
29900
2757
9292
27475
10646
2616
21952
11220
15550
22779
15879
11660
24369
29973
28831
19792
29818
1463
17029
27775
30611
31937
30118
16028
8699
29064
14486
6716
2312
6358
20100
20771
9599
32307
29550
21418
31074
25187
20625
9060
18441
25392
5412
22784
5236
20586
1861
16753
23008
21035
8500
22093
12952
17503
3775
5491
24846
27524
7933
31729
28458
26287
32319
10277
22498
720
19524
26402
28427
21302
25260
12628
31599
13142
24495
23144
14111
5576
18703
30822
10763
17554
23371
17952
4815
30377
22806
1232
20944
24245
28423
8445
2696
5909
32658
7838
28446
3875
27447
4226
27194
23993
10489
7919
6935
7412
17170
24970
22490
13111
3045
4214
10786
11635
7988
20672
31200
3750
915
8187
23145
14498
29
8999
11721
21008
31333
23768
4698
19892
28848
3732
20118
30451
25697
18812
12074
10130
18612
29230
2891
2752
18863
15339
25421
4439
32598
24309
19826
31583
24863
3643
9472
6868
3493
28728
12182
13224
15008
7961
11455
7436
24853
29726
968
2028
31178
8770
975
3768
24061
25630
27165
29290
8277
16651
8886
10437
29209
11655
30509
8154
26784
2778
8125
23249
14089
18937
27286
19430
12332
13738
28021
4018
9423
10217
30071
28076
29214
11914
10543
16879
21589
25377
4342
13374
20928
31263
31106
24645
20965
19773
25787
21281
13568
25886
31945
547
32687
17967
15730
7889
28399
1235
18339
27694
2119
25789
4940
31036
31299
1948
29553
25790
24868
28414
8319
3650
17366
21870
15580
22623
23842
8928
1985
24636
1317
80
12876
20049
20225
20133
2769
9330
11986
1243
29298
11529
15332
14689
20719
28579
25379
23232
31423
20142
7634
23422
15711
12928
128
21826
1514
26012
13880
26424
21994
1585
15353
21431
31341
12516
28773
8482
14684
18639
19389
16908
26889
202
21517
2207
9735
2537
8612
26942
6974
2886
1991
20585
4158
18176
13735
4065
12756
4227
25488
9997
18651
30730
24674
27293
21333
20323
4933
20333
13243
27634
17817
23724
27281
18937
18732
2365
3644
29975
20144
2141
29976
23054
108
18823
17862
26057
13617
12180
25027
5533
20368
17191
24127
23759
7498
25672
32556
854
19208
16207
26773
25059
16460
2308
31281
7967
30632
17924
2360
21043
10030
8551
27765
11918
19751
5791
3741
7394
29960
29347
31455
25968
18593
28750
6076
20358
16792
29697
1049
23110
3862
10896
19090
29352
960
3932
24338
19139
8169
7612
6816
13896
3077
12706
10620
12367
5985
23419
8043
28246
3858
11094
9807
9350
300
14153
31482
24377
16436
24848
11332
5562
15063
7928
20571
23115
31707
19452
9307
19309
26199
17197
18975
10843
543
19031
6230
15064
27779
4065
12505
20522
16697
16373
20796
11111
3991
29921
4514
3823
12293
1725
1494
11066
3507
32334
29848
18644
14471
12075
6453
21413
21338
15646
9051
11126
12899
4301
26922
23985
15859
32666
32654
11368
28003
10951
11469
1689
28235
23006
26972
21937
19445
21584
25335
17486
11026
32348
13808
25161
28075
15666
20680
18932
21338
26201
13820
10912
27065
15950
4129
23651
24859
19054
19507
24856
6522
31253
11819
30374
31665
27400
5071
7814
29419
19728
22990
15999
6748
10472
5900
16052
29487
3673
8763
18657
14015
28068
5547
3298
6409
8224
17763
11893
3938
25636
23408
16448
28517
20519
3709
28694
31280
294
9892
18550
10192
2119
17540
11092
18169
23483
7828
27164
17658
20200
10422
7925
12785
21960
23056
11075
21819
6028
1303
32623
26159
5254
30188
4074
15628
25413
19180
7023
4143
18690
15235
9865
4490
12603
16704
20566
81
18589
22319
25738
758
16167
17251
20150
23896
30093
7890
21195
22328
6618
3942
11994
26348
30554
26704
2589
29783
32183
9376
21819
18456
17250
28690
32712
31490
1844
12843
9995
31180
30038
20357
8709
28938
13150
5480
3758
13660
30650
921
17538
31718
12370
26743
20540
30464
31849
835
23778
11054
32196
8384
11777
4178
17679
26108
3898
21280
23932
15725
23805
19155
15277
6719
2709
30494
5076
1517
18789
6758
23321
11279
13681
17454
30780
22643
11040
24531
26491
7022
10816
7033
21942
2164
27210
15173
30417
17127
999
11469
7002
19757
21428
28364
18795
19973
31298
8475
23762
16411
7522
20700
29296
16346
20127
21752
8927
27521
15115
20173
20568
2425
2111
8992
3027
26854
669
32601
21871
12412
216
16111
15381
3987
8375
17697
8280
1406
16661
7911
7840
13081
23853
296
25736
27298
11540
30509
30084
29130
12167
21846
8903
10763
231
17419
14948
4923
9090
30454
12723
23650
7444
25711
20214
30409
3470
4408
5692
24403
8981
17515
32134
4624
3918
14256
11305
23568
25049
6067
18803
32629
27675
26838
7825
24012
4673
9251
4016
7326
11649
8324
12387
30785
25507
7222
30533
14580
6081
31355
21727
32300
22603
2447
12748
21544
28237
25822
6170
18379
29173
18292
3060
27819
2128
25269
22398
2406
11860
3406
19969
24117
13603
24171
19016
14787
21390
2347
27722
20543
28888
3152
23049
2223
3261
2620
1977
13448
26803
23833
19237
25980
22128
15191
15951
21908
20396
91
13654
5502
15144
28021
19357
29992
751
30483
19498
23182
24540
29237
31052
31440
32348
13857
30593
10631
24693
1624
24470
12889
8456
22728
15376
28875
31827
19523
30155
6743
16825
25392
29665
28351
4806
22145
29389
17056
4974
5349
22225
6218
28565
16958
32149
15055
22997
19285
21264
3930
26491
25036
11691
4290
28114
29781
13732
10591
17573
30498
23473
24349
4607
4253
8935
1486
821
32344
16857
27589
5926
17991
24324
13472
24002
2093
27755
22117
20681
852
26238
27857
10709
9345
31296
22252
22939
12327
22185
21217
1134
23771
11593
3085
10245
29192
9775
20310
20093
16100
19209
22974
29345
32162
11661
30007
31082
30442
19735
22458
25794
31110
32659
30867
9101
31326
24989
20479
8938
28838
4583
13560
1206
16982
15323
19792
8019
21722
13698
17405
10919
5643
13477
14772
15975
4447
24370
9145
1429
25948
15072
3317
19271
11603
16406
27977
17579
13130
5130
2850
15432
32314
11814
6989
646
4219
27823
4877
18289
27260
23720
24683
16826
9655
14580
31950
18174
15332
25788
3531
14667
20077
25872
2110
28129
547
7633
2458
28981
17199
21966
23421
19516
1355
17965
21896
12005
21554
14605
4461
9192
18516
31593
9545
12734
13263
9791
22581
3312
7067
754
1303
16277
20740
3822
8127
27158
16222
25226
4143
309
16884
32562
22585
11598
5697
18629
14160
11996
15971
11836
16536
27710
26572
17805
5951
3260
10811
24270
17680
17605
13034
21150
24389
14202
12297
4033
28061
4465
4204
11274
18351
16562
27521
31870
23678
28166
9604
30902
6221
7026
9206
28037
23733
3070
9803
17115
16116
22714
5859
22761
136
22275
26683
16518
30205
13315
21093
21202
20483
26999
1205
27673
31427
28597
8126
19962
1907
20717
2940
27848
21544
431
32211
11312
26092
8877
17720
20252
10513
4035
11183
7896
3013
24628
1525
3443
9958
15415
17150
22377
26903
11186
4002
26750
30739
16965
25235
2029
15425
19594
1170
4034
19081
25243
26850
13189
8295
981
27133
6680
26173
8156
16007
20194
11246
12511
14976
20014
21416
19230
12477
12493
7937
17833
2201
15107
4678
24682
23528
21153
8719
2917
12588
8302
24343
13119
9740
24779
5195
14077
7681
10135
2849
27407
18771
6993
27179
19853
6212
27516
25068
20416
28298
1608
7146
22756
11011
20846
8196
26156
22437
27228
9222
27655
5556
12690
31099
23714
6711
9548
3523
30638
20140
20321
12389
18275
27131
19051
5030
28357
5545
8744
15194
11558
29518
4896
19962
15084
5705
28040
31735
25492
17842
8039
29006
247
6800
10743
1373
15308
20044
1614
7412
13679
19814
15677
29360
32481
25191
13945
14724
271
3351
760
19865
14935
23023
9886
26456
30024
19921
9497
1221
23721
14839
22026
32014
4285
3114
17509
29283
8646
28468
7450
5641
5064
20375
28917
29354
20367
6271
19906
12528
9459
15606
29366
2642
16987
24919
9226
24109
17792
14597
25065
7446
18804
27740
1676
32367
5602
6888
4004
13368
21399
19925
5880
4392
27201
28327
15951
21756
27511
5676
4752
4880
12026
18350
10792
26412
1083
27756
684
27808
7453
9036
25023
11155
5627
14538
15671
28824
16109
23348
28283
17026
2631
24345
13615
27258
17507
10239
19732
16974
30881
2388
6953
15628
10155
13223
13847
24016
13054
536
19915
4314
8614
15373
13925
6883
8776
7975
6737
4785
28262
17781
6067
6378
29407
15335
19721
16934
25013
23813
6412
26439
4371
17376
4566
20493
19343
27465
30538
27621
30124
19778
9393
3330
11427
5810
17825
22959
16995
17245
21027
26596
15062
13842
5652
14103
11878
8486
18380
31828
13760
21282
29182
29840
17111
15289
13535
12603
2860
15613
8843
4884
26446
7378
15012
26433
19356
10914
18748
23199
15954
27986
11509
14167
28356
28021
18534
8370
20964
28608
8897
16686
26634
13246
31667
7889
4085
2757
22156
2493
2829
23337
16544
22789
5866
25519
22253
27071
16410
21317
20222
5210
21023
2288
1807
3122
2232
4101
24945
23906
26210
11420
28464
31961
21533
3138
11764
7857
28275
28398
23845
18108
9143
23607
11858
18271
1931
14531
21716
8867
32676
20483
14510
393
11730
9757
20664
13726
15162
9770
26621
30928
26854
162
21089
24448
2433
19988
21639
12504
18523
18971
17137
6495
25012
14989
7273
27594
12342
22261
9120
25622
13251
17476
15382
8403
30065
30915
3641
18115
27859
7244
14033
675
19067
14522
1435
23881
19388
20126
3892
5615
31669
8756
5689
30415
1418
21653
4013
22512
31733
7469
18075
17471
14846
14192
25340
29921
16646
22729
22490
5832
14346
17107
31926
3716
28710
17868
22056
11868
4696
18247
20933
4766
23175
8480
31045
6195
964
27829
24806
8566
18895
3667
21771
7495
9181
5359
2857
1114
7320
16919
23011
16597
27496
20008
15476
13339
13041
15552
9550
20194
2269
21878
25600
28556
10971
5321
8797
31412
1255
10583
15579
25095
27853
20816
31289
3413
14056
11305
26213
23015
2096
21653
21660
9236
2420
22193
19667
3855
24547
22142
26710
32515
3793
31381
25007
31074
9912
28438
23497
24442
25981
5346
9301
14153
11253
12554
30061
30354
27816
12423
31351
1072
30677
21547
7245
25515
18614
22743
22683
16137
14340
28655
10376
17126
14270
7179
15000
199
31783
17903
976
19372
13838
7614
27676
17124
16977
7274
6639
32549
29348
14703
8489
5596
21391
10433
6461
26306
5046
13570
24211
26544
28765
2553
811
25268
19243
832
12932
23140
19758
21308
3260
2162
15136
5714
15608
10881
24297
9816
20230
4407
10852
16970
2113
9620
30566
24127
18357
22658
2301
12187
12676
12461
12789
18821
10633
27284
17569
23964
24890
24289
12248
29925
31955
8949
27965
13576
5041
6088
9411
1469
4091
23280
10609
10881
12680
19967
13155
9357
14333
10258
31506
28936
30774
17831
6613
30588
24808
10927
21415
15495
12932
27365
11818
11475
28254
27741
30956
5191
16654
14432
10985
5503
27670
20087
14674
13690
29382
11718
19341
20371
3677
2203
28797
1459
11633
22087
14595
196
657
14125
23493
5481
26152
24344
17966
8428
4004
31186
16054
12920
27096
15858
31843
21640
1695
8693
22415
2719
30147
26512
30701
22330
797
28997
9159
24066
8189
5685
5257
30279
31692
26677
29827
16810
4079
8227
27115
6937
8943
9339
21281
29185
1751
24101
6199
26046
5854
20369
13745
13655
14406
8710
25737
22376
25220
7479
887
20063
29345
15640
9583
3307
19936
23023
26986
32434
6049
5806
32617
2371
32389
2432
32439
6475
25811
21154
29039
4107
26651
5492
14655
9481
3097
2000
12651
4102
3291
2970
12821
3889
7206
1688
22715
7578
3607
27780
14849
28137
14598
12128
24753
32080
3247
2570
15872
21182
9364
22800
28435
15958
22941
30149
31681
11551
5890
18325
29339
25853
30314
32661
1577
15584
26453
12894
3959
9531
26039
17436
6608
5304
997
23266
23498
11562
19381
19265
16771
11458
15073
13080
27689
32647
24237
13997
19136
1280
21194
5117
12319
24115
10105
81
2620
22484
29428
1042
7850
17590
4617
18654
28768
23685
23560
3547
12988
29367
19935
13900
28104
6592
28804
9826
14267
1669
32403
25172
10179
18452
3385
9138
26113
10130
15440
22774
31957
17524
12747
17244
20317
16627
25685
9971
22840
4793
31029
16628
7056
19425
14709
30803
23383
28702
25155
31893
5328
10810
21655
18145
18514
30147
26646
12633
1097
4353
25911
6315
20605
19242
27300
15330
24215
729
16867
20099
9185
26813
26421
28885
16461
23182
18622
640
22201
27206
231
857
14961
25997
4097
30333
5621
29045
22827
31645
28413
3687
26229
4760
11195
6238
14405
15695
32096
5970
9210
29621
21473
29688
1488
7717
16123
25768
18947
2553
24693
9886
4408
3160
21413
22374
29720
18255
11829
658
10814
17699
32295
14254
6227
24038
26903
15478
2423
6985
20672
12102
6115
3761
8386
11729
2253
19853
10659
21526
8076
2022
11539
10128
11261
27959
32628
17069
22565
21376
25241
21634
31000
21654
32206
18621
26393
21949
5913
11227
8450
11640
29120
8091
16103
23456
30219
29618
30710
1972
1611
14016
16289
14704
9499
21379
15872
32673
20710
3658
10096
31031
14506
30381
14209
29852
11771
8572
21263
6468
30794
16117
5550
20358
28007
24890
20044
23210
29509
1794
12049
22851
20222
16014
13450
8127
25878
29919
2055
8508
20228
17702
24897
23197
27118
23676
11072
29661
17077
17875
28796
2980
817
12844
21059
24856
17598
4363
3930
20470
27639
3368
24039
21217
29121
16744
7310
32762
15756
14859
7899
13232
29909
5671
6368
24026
25583
23893
28191
9475
25604
23978
26538
21508
25175
9705
5512
17881
27851
28662
24411
17325
26537
3982
2112
2359
20638
14646
10743
25417
13059
13681
27460
7334
12641
21558
30100
11541
18485
13473
28132
24243
11760
13545
29919
23949
29762
7826
29254
25966
20120
25316
12181
502
8676
31643
1508
5356
16796
17376
8971
5845
32261
23928
10761
17862
26545
30268
12967
13942
27718
457
27736
31639
12418
15224
26724
22375
19324
1169
20293
11138
18221
29371
1361
6906
2606
8887
666
4777
3779
9038
25107
11206
2841
3208
27636
7351
28364
5919
8031
11302
22956
18483
32579
23127
28609
1343
9857
13497
11917
9292
26445
1979
10128
19557
31191
25312
17426
14922
32299
8982
30236
15721
21846
30532
31432
265
5579
4898
4538
30153
7941
1101
19951
28489
4205
23963
25526
18983
10109
11435
6139
11821
18726
28097
13515
16584
14959
29137
10005
23484
19552
27354
10670
7191
32542
4726
8600
23907
24663
7854
3972
29984
10464
30994
14997
17010
23965
27658
30823
26134
30626
14951
13904
13978
22423
21821
10214
17614
2145
9205
16065
1142
5375
4766
20354
27969
30129
23172
2067
10239
22624
14596
6961
7182
18490
2206
17704
28949
30877
28748
3550
22773
14134
7442
27667
13821
18794
14807
11751
29022
14580
6515
19101
5598
21456
18185
414
720
25432
28823
27329
19267
24238
24523
23497
5498
7257
29977
18224
3740
18227
22794
30755
18093
6786
22487
20429
2237
10597
6966
26584
863
13682
13940
15921
21853
22685
14532
19980
21162
1627
14807
14889
5528
10248
5292
27733
12363
22662
17578
20019
4718
808
6380
32572
30500
27086
12764
11269
28482
22097
32003
27328
23483
31521
8991
16646
27740
18220
7286
14036
30393
12546
24427
6867
14695
15671
23887
23516
24427
17417
16761
7099
22515
14915
9881
24371
22084
354
13897
32579
3572
757
26341
16296
32601
6986
19357
11939
26689
5958
10952
12796
11491
18837
20091
25927
19734
31492
17243
11622
14785
14890
31151
9551
7827
20046
31930
18448
29684
20869
13383
31760
27963
13851
25733
25495
5921
15156
24597
5776
14965
5299
8290
10638
22290
19035
14385
9742
19215
4660
21625
22524
31285
10801
16244
5240
2486
29967
6646
24025
1051
24192
16126
2290
31103
19081
1418
18325
28667
5161
21680
15446
14433
24379
15851
31633
31533
16797
4531
7599
4536
1938
8784
18084
32687
5989
10479
18108
8388
14416
246
14488
24227
16539
11669
16499
808
28424
23965
20651
31439
29551
24982
6012
7020
27302
18444
31246
17180
20899
5161
16562
25467
13285
17033
22632
19735
6416
4169
19878
20261
30167
14433
25684
32627
9246
6964
28955
16030
9824
1126
22495
19589
14927
750
21386
253
32443
1900
27404
31943
12469
15548
14240
26303
17396
20171
24656
2389
23160
5033
28347
25665
24428
19168
24854
1651
18769
26373
7537
17481
18265
5516
10811
7685
24081
30944
20489
27262
14147
18612
2195
6678
10523
19603
24319
9707
14472
25791
9571
32594
6885
5432
9093
4993
31449
18203
8933
14219
1148
13357
31741
4242
31931
12472
2247
19511
26621
18326
8320
15702
1031
23691
172
12529
6428
18648
18266
3945
26217
9740
25257
7668
11681
15134
6539
29771
8677
16313
4553
31395
15846
27095
30535
991
17741
31121
10378
22532
30043
14133
3191
17133
10444
6042
30045
31552
29442
31408
13622
30112
30303
14427
18218
30756
31219
28546
12885
520
599
19299
2506
23459
29144
13097
11736
25241
29656
6080
12940
26194
14194
21480
3958
10411
15709
21128
31920
22251
15635
28485
8477
3832
25906
17748
30191
17611
31522
24716
876
7201
7672
1216
23281
2675
12442
32587
29239
21801
12068
14060
17365
16395
29579
28117
22790
32760
11649
27134
8365
17882
4504
30655
14230
30169
937
31390
1535
24271
16503
102
22103
1532
19088
2681
18757
23292
7796
358
19180
26613
29177
1726
28014
21013
750
6436
19630
15932
14591
16036
24411
28149
7896
10566
22826
10411
30350
2530
610
17690
27962
1333
10398
26371
12775
32565
3278
17700
29614
12450
29312
2919
2847
15070
13406
11610
21219
11774
503
15583
29600
13601
10946
6437
10013
23808
6751
2518
13991
10439
27169
6802
14515
26916
11210
19101
20932
2461
20885
25812
31887
18470
22394
5094
7517
2803
4525
1728
25778
18571
17512
14665
17708
13854
26858
13648
173
12312
17344
24514
4285
4342
12355
9761
28201
27224
17762
8241
31728
21592
14241
31221
6496
18203
7266
14809
8061
12965
29283
14129
19874
18674
5001
21730
26987
11842
29660
21599
5585
948
20946
21720
9623
22
15312
21166
27878
2812
3822
15145
22068
3599
21243
26733
15978
28840
6081
6570
23621
29086
14217
15252
14076
21340
8930
5395
28708
3638
6559
11323
25809
31997
29983
30590
27135
14288
26577
12064
10288
4406
22006
21228
23126
26986
11177
14374
29682
19446
21533
13248
29310
2947
13863
13520
24073
20464
23036
25410
15649
19105
7227
5834
32757
1306
4654
14877
9915
32204
845
28257
10064
1838
7171
738
22046
7440
15797
5382
22083
9261
4097
27779
21744
18431
14147
26575
5134
27351
21598
3289
2088
23596
12729
4598
3461
18739
16775
29470
30868
7089
20812
26456
1422
15118
5788
19059
27478
25514
31014
20215
5540
2164
15858
3163
19042
29368
30695
15736
15958
5176
24976
17214
23810
16255
1056
16294
18376
14962
20403
23783
20562
24360
2262
5357
29233
16123
12106
3335
4036
31711
16901
23008
30300
19443
1146
16304
28061
23382
10522
17075
22056
60
1307
7131
7031
30017
12664
26050
32007
3581
15673
5602
29373
6616
21748
5640
12419
26911
916
4614
3378
10328
28761
19880
20660
1491
15904
5866
11626
21890
28645
10344
26827
9994
30342
4118
30542
538
19401
28209
3978
15612
16033
8310
30876
8554
21677
11665
6090
21410
25858
1240
358
12221
20522
26169
4340
4412
31084
1649
19599
14564
25934
17279
6024
17612
8537
32089
30801
28340
22812
26333
30105
1176
15476
25354
20153
20357
6922
17008
4943
23724
22812
29925
24104
23733
8577
890
14180
3413
30951
26286
25044
24867
5728
3297
6055
22951
9501
9483
31302
18356
21368
429
14716
26104
21304
10248
13786
466
12049
24462
8794
9827
6507
21910
26946
32232
6245
10579
22603
23879
13080
29703
22531
11751
1056
8564
12912
10693
21849
11411
11510
7621
10470
5257
31098
9798
21368
7639
17096
6648
3020
13265
22578
5874
4982
32337
15482
26111
23774
32684
7155
10297
21128
20197
28130
730
9112
16929
17706
15694
14741
7515
5161
1421
15213
6489
26589
20135
16825
22239
24139
32160
8259
4642
23585
22655
26821
10879
17818
27554
2804
21101
16034
22868
13757
31665
13883
18338
24015
21457
16671
24682
3417
25802
1958
6068
24853
11781
19179
11333
22149
18824
17706
5746
20349
29034
26989
22835
28385
31113
18024
27000
12976
4479
4257
8128
28481
25297
6100
26599
4045
24426
11157
9023
16430
21576
13111
28899
25574
5238
31981
20552
32355
20538
2095
21013
28802
27791
20319
19253
12113
28373
21677
15914
22553
20680
30264
28324
17820
20655
19829
21330
2715
4565
7637
23032
30107
8509
5794
12738
489
12946
27690
4056
23004
10589
3104
8754
20058
17019
28991
9390
26525
29133
23088
19551
29495
18481
26542
32040
13140
30129
26088
32138
4928
15355
17703
7355
1321
25873
1456
32504
27941
4674
6892
1051
15735
30553
2502
31856
10254
22036
18005
8133
2382
19928
5307
31424
28691
21410
29005
18038
26355
26177
17396
24120
25284
21187
25298
18352
31326
7469
10281
302
19362
24943
8057
2620
12732
16534
3561
23160
12452
11844
23016
15011
14827
12893
5652
13301
11956
29444
13147
2483
17153
6854
7776
28932
9776
28436
19488
31489
5317
10999
31189
25867
14185
29183
9243
17249
29491
28541
31057
14833
3879
30193
19266
14191
21244
12998
17412
26277
803
19005
25121
18954
24068
28584
32757
13717
32395
19928
27223
6867
18403
21464
19068
23352
16001
14812
26391
5299
29285
21108
197
7300
24220
31749
19881
7250
25098
18042
22611
1400
13670
8503
17895
20129
646
9550
18299
12180
221
20470
15040
20305
15170
16697
15845
6236
25330
21228
15032
10073
21465
7140
11535
2009
11789
13159
10342
13172
10396
18657
24777
1816
391
25560
15093
8864
12046
24610
10170
26280
13870
31318
20131
1184
19049
128
19417
21792
6853
31513
1349
26747
28695
25142
23285
1431
129
13055
14017
2812
7226
31075
16174
26154
6029
8714
12690
5424
5669
10379
10105
26234
7047
30176
19272
27371
1248
791
16416
20012
20481
5193
16645
2371
21416
8144
15168
9063
19713
13749
26625
29970
26220
31592
10569
8537
7041
4020
11783
14713
7761
27377
8578
16050
8687
3964
27126
30296
11824
7780
14978
17447
24750
9318
31809
32471
16147
13084
21176
29424
32404
6769
16240
2016
25787
22104
10467
15178
9578
1214
18589
26274
25117
30652
17563
759
11887
14354
30711
24335
15840
3025
11975
31673
7893
21847
22850
607
9952
24192
31268
2523
29762
25627
21588
7563
10414
30107
7108
15016
16720
32015
11673
14291
12302
853
5005
19185
6670
1162
22161
8505
24440
26820
25782
15755
20605
29956
3661
4356
13208
18534
24141
463
275
14747
20982
21566
30670
10393
13236
10777
28476
6289
7494
3126
2734
9762
25887
12873
12756
11724
31501
31998
29312
13991
30744
22085
12206
30037
26029
27629
16834
31541
32764
30837
27664
26073
30622
3615
19361
8891
30331
6213
9012
6955
27627
1776
10372
23692
25627
22695
14025
4288
28339
30341
2689
23265
22709
5775
27248
27698
15784
6212
25062
25941
13303
3957
28736
22462
6292
29014
20913
31591
15840
6102
17731
27845
463
3884
29720
1788
3911
25010
24054
11855
20170
22007
28419
7898
19029
21263
8908
4995
2184
24366
22668
22830
8966
27766
15532
8752
7199
26636
27526
11782
14253
16241
12654
6472
23355
20496
3059
27096
14701
29971
20578
11103
19612
10107
7052
12282
25792
25712
28361
18736
19603
19925
7741
3368
18931
14624
29786
31768
32136
8297
11942
6657
26024
10688
14271
20634
2167
14532
17052
11657
2387
15986
11029
20697
11631
15162
16294
8105
5053
10072
22640
3873
9234
13665
24448
7083
31109
8988
11860
16479
19480
3220
25755
702
7578
30059
7229
26276
11723
31857
7835
24184
31170
28021
32536
2982
19084
9564
16088
25423
5910
31856
24008
2879
15692
11002
31966
799
22147
23570
30114
28139
11028
25270
2797
4007
2378
17690
5872
21326
895
4671
23161
27916
22913
13767
20850
27820
4411
15880
12458
21588
657
18527
28889
1904
23179
1990
2782
9708
22966
6569
18762
10150
20935
7414
21282
19491
9858
16244
21473
12929
21978
13653
25789
11692
19290
20238
6955
10453
707
8550
24741
12320
15863
29645
30635
29085
21013
26864
21000
19066
20454
5514
7254
13431
2936
31101
8900
10137
18184
3873
29463
17443
1317
25820
24559
22722
17939
29939
18764
6408
13422
12191
20048
6171
1295
27492
19527
23471
3636
12190
20196
6961
23002
3421
21965
32581
14190
31346
4955
30067
4261
25290
2202
27677
1449
25595
8856
2741
5237
26397
15580
14893
20354
3291
11572
4526
26531
8137
15540
31628
3373
249
12795
9850
27740
17097
20664
5882
18674
26110
29293
27928
32033
27927
7283
12888
24491
14811
14143
17389
21832
26933
19171
11563
4424
8513
25815
1599
18809
1447
2810
11038
24907
17960
24532
24251
20530
31606
23582
11901
18252
17993
16772
10736
23108
25775
10921
17083
12150
12707
23660
26834
31572
17122
15466
14060
19208
6394
4291
17208
25179
5540
27938
26699
12501
11347
28919
6749
8741
269
15111
7350
19908
27002
13863
11107
18902
1083
9028
27949
9553
23164
1191
16844
19808
16333
20087
16471
25098
25645
128
31231
15887
19560
3378
21757
13842
9380
12781
5065
21245
8502
9340
23693
2978
25018
14815
21721
16798
2658
27213
9624
1411
1934
22137
31555
26166
12189
12821
22100
20373
14083
14228
16382
15453
10908
2357
14107
16203
25665
9021
26982
10114
11672
17283
3306
17453
1328
27186
28090
2917
14797
22475
995
10325
20480
11369
9631
13468
26107
3145
10699
8434
2468
28041
3739
4367
13544
29488
30861
11977
25682
31087
7579
14460
31708
14119
28853
20142
28165
6314
8558
17651
22819
14278
17398
31247
3835
5376
13640
31579
14991
30237
4004
30570
6199
3559
17216
17387
29683
20781
10043
31441
25088
7436
5842
29362
26025
4717
28374
5741
31328
19151
32605
24592
13069
19015
17849
31481
25510
21188
678
20795
2304
31896
199
2115
25317
14388
8020
12475
29798
7475
29965
11694
24178
10907
8050
5869
18600
23647
4661
6834
19562
14888
31472
8836
5683
17236
3348
16218
12586
23615
18977
8451
12535
8386
6685
7365
11733
16378
18495
1861
18152
17739
14315
26022
7890
29348
26083
14837
1665
4100
2491
28357
19018
21565
27533
9750
21820
19192
16879
28540
7854
23545
11298
10621
5659
22436
7308
4666
304
11456
18280
19282
34
11132
27069
21763
11333
31151
31884
17554
1243
7268
10318
14829
7721
14998
3230
22672
18129
32056
12338
18341
5979
12409
11535
32111
8213
2629
27901
23016
10525
14863
2617
21673
14524
9678
10347
16907
21493
30789
22999
29580
11614
25736
25815
14196
13871
17084
32137
31672
17817
27166
18373
6174
19033
27719
13650
930
14988
5550
5209
31000
13765
22382
25113
20244
3421
32329
13789
1799
9994
23277
22571
22442
28083
16247
23103
13984
17539
30262
16824
9559
12349
5553
7312
17711
10959
21995
4433
30430
21801
19173
16262
2323
31567
10341
1136
14937
7853
29430
30715
4670
31404
16944
13808
21941
14210
30777
18284
6842
16206
4748
16529
16180
26980
30713
26235
18207
28645
26605
29046
26090
25492
28404
16238
14110
4580
1148
2727
27201
4438
13788
30894
26106
26625
661
5519
9846
114
19927
3912
23305
24759
2375
17790
1817
22455
31999
367
10808
5317
20694
27176
13200
23924
15074
2295
17540
21932
30524
29220
1684
3581
27907
26076
6273
19508
9380
32110
22194
16940
29528
14522
727
9959
32750
32741
3788
26077
1226
27986
3776
22676
29486
29646
5782
15985
23480
13579
1675
26318
16428
7248
2842
16717
12916
4462
21533
18539
25829
22518
18228
31320
4036
28329
12650
21510
20489
816
15382
639
25442
19982
10496
15997
25979
27346
6597
1588
29309
145
26237
10611
21205
20115
18330
23531
5174
29005
22291
16846
13281
29583
11459
10909
15908
32767
6668
28219
1824
18118
18623
8261
24784
27529
16704
3494
29255
3995
7141
14437
5177
19569
24992
17858
22205
12886
24542
4738
5201
8031
29614
24967
13855
674
4134
22691
3455
24483
1026
16302
26300
9743
17039
13782
14619
12717
13256
20791
6169
1681
20414
23724
18933
7571
2365
10212
10094
21759
19372
7608
10446
22926
4149
5307
17447
7061
20006
3603
221
9341
19095
22152
25700
24691
2894
15835
7243
12384
28895
22617
2426
22556
15383
32431
4280
7391
667
0
21616
10232
22221
14901
15284
449
9967
3221
27266
14546
6027
22677
3910
2421
23826
1265
10657
6490
22723
14075
11881
7052
31950
13875
11505
28836
15290
11801
22922
5949
1796
16959
8521
167
8457
10402
11019
7648
17957
15930
27063
14527
28957
18896
9155
28019
16058
24848
5114
22572
13495
9183
1916
19224
28638
16879
7430
8337
32109
32400
2419
32149
25534
9929
1411
6262
7719
11687
18652
22482
4128
25301
13902
24006
13219
30573
7515
21343
1753
17678
13559
2129
31986
2863
13196
15084
30292
5810
10305
7243
1017
1980
31100
25807
31250
10693
11429
3276
5617
4587
23342
32129
15141
30604
30928
20046
3047
31507
20247
25121
24757
20242
21024
31026
25404
30610
12962
2800
20603
5031
20779
31802
9766
25927
30380
1491
16200
2907
30264
24336
9261
8727
7177
212
4479
15751
3524
5310
31407
29291
32765
25761
2966
24901
25854
24117
27997
30640
30916
32524
21146
23539
20043
15559
3771
14038
16908
15753
15528
20405
30147
29868
14500
11986
14709
30643
29044
14831
1458
8064
21700
32541
27416
18888
23238
8655
6936
20163
29980
7730
28157
32552
25848
22209
2601
15960
15490
8212
4258
3289
3962
16120
29390
5895
5918
3269
21883
7174
19790
13804
9506
16635
17134
18128
16237
9340
13708
31447
22006
17989
10306
448
28242
5932
990
12087
9038
17751
577
18598
2936
6316
26885
25935
26850
29577
22371
5272
1570
19381
11091
16037
25757
12183
16884
29484
8198
11174
5935
6789
11041
9249
2199
15617
18893
30464
16276
21629
27713
31274
1729
23607
20374
10728
3730
4832
1926
7066
25914
8946
21875
2217
9676
9539
28842
1468
8864
12763
9194
14895
3832
29442
25632
11201
27619
28318
17525
29324
15458
31164
27530
26939
17610
2669
28162
11639
22889
23507
12866
1186
108
6267
16756
30920
27392
32493
10706
16850
2488
13442
22049
20221
16431
14966
32379
1163
31726
14654
5714
441
12944
5660
23474
752
2852
1776
27590
13375
14034
6225
158
2057
15554
23004
15407
26107
15673
9420
9372
17985
28677
12492
13748
3322
25116
27401
11195
14825
13952
17290
27501
16493
28261
25796
11072
7091
31894
2409
16874
29482
10261
25730
15907
25399
513
20413
11180
15915
29373
13320
10640
22898
8783
24670
13738
15116
16390
17121
20839
15170
28000
14378
25549
28305
20522
25821
31932
27627
4073
19840
23924
17183
17017
8333
27224
14229
3060
26309
27122
4926
30166
3528
13622
9675
16734
227
15627
17437
14647
17449
2311
23549
18007
17861
4986
28686
19496
22926
9903
4095
4069
4828
8046
8453
12103
28826
14533
2697
27234
3997
17673
6942
17609
22324
30743
14773
16889
21505
9951
14100
16629
13575
8228
21380
15149
7939
637
19658
27300
18944
13216
2137
6994
7462
23775
11718
11208
15571
4339
17788
274
16109
32505
12209
29153
31094
22202
1945
27882
8032
16943
18137
24201
8099
6213
15678
6570
31374
11485
12463
18409
346
25111
14688
9464
13317
24272
11849
2369
12638
3689
13783
1997
27996
19914
20193
9061
8627
27047
26077
24311
11433
20994
19028
11579
21030
9970
6291
917
4875
674
27556
5182
3781
9372
27516
29599
8994
25160
2934
11517
15971
175
3328
2651
6034
23429
6804
5020
16662
32103
3819
2281
18820
3425
15469
23634
24248
13747
18667
28344
10021
26581
29072
5098
17769
8632
19221
8718
14884
6223
21045
4163
6155
27470
24673
26756
15928
17970
22708
4303
3268
4737
8489
12167
18328
8019
15372
12056
7040
25105
5550
9433
31106
13437
23133
7990
15469
13298
26771
7950
19636
9709
13166
16474
13949
1485
10592
22032
26102
8151
29480
32071
32232
23933
7937
27547
31886
9952
3097
31955
8871
32147
10820
17345
20682
13474
25074
8810
20218
27091
14431
11623
12922
9259
1033
24203
21986
15284
17767
23238
6003
28286
30680
20297
20904
18148
28378
10731
16909
14096
4988
12492
21076
3522
5654
15672
30630
10316
26679
7630
7223
1506
4831
25569
18205
8208
15598
8222
30306
11404
30173
21103
24408
11310
6316
4384
2348
27453
23323
11073
30142
22252
23837
19019
19632
19492
19594
22278
15550
17284
28948
9641
1869
32423
13436
11587
27206
6821
31494
20059
23588
11228
24618
27859
20044
18160
11148
24851
27037
6928
4654
1123
31049
379
6116
23703
30691
9795
9481
10994
29369
11857
9329
25157
14179
32426
15774
18519
32668
2289
32567
18057
3921
16684
3509
11706
30968
8395
10848
29033
31779
23270
9850
7705
12885
9670
5818
3834
32276
15783
23292
9925
28735
1212
20022
4072
6050
25716
12974
18403
28360
21500
11882
31218
23568
10245
27624
27884
30723
4039
13072
2155
3557
25413
3687
13613
2698
9939
20613
7354
19820
26582
3529
3143
4090
22220
24139
32475
22322
17036
31762
4784
9073
22734
4488
28124
21130
20461
19498
22064
26646
24044
1924
97
12300
8376
9309
23141
28562
23468
24623
21792
6162
11866
16602
28992
12431
10377
26776
4966
26938
24442
26164
25478
3392
26736
21879
15248
18151
23662
25572
26960
27097
18755
3493
18323
14271
13252
9924
29323
21266
3929
1182
7028
21550
20155
23445
16248
13481
29179
9478
17872
1250
13767
8571
18733
8157
18409
19233
4182
20814
9488
19580
31250
8691
979
20313
24648
15911
28915
14340
13925
10933
224
8380
26366
15338
14975
10596
13495
750
7979
28539
8803
9556
29690
16974
9836
21231
12353
26476
11637
19943
13658
859
12351
14605
13220
31369
24777
8300
24780
24197
12988
28704
25419
15215
17157
19820
5936
22958
25284
1542
4128
18400
18789
2485
31899
16663
12812
8734
20096
17218
26679
23771
19668
27113
1951
23502
29375
24862
29535
32693
16343
1200
18519
8446
23970
32673
20179
19164
15957
32730
12136
11418
6370
21022
28447
13616
26162
31293
30422
3348
17327
7050
10722
25170
24326
17806
20473
15071
20267
30974
22096
16682
32413
30955
11264
16117
2795
15417
15790
14947
15735
4946
21611
26962
378
22043
23513
28394
31560
11816
21391
6006
9430
20780
28607
1651
4985
16307
11542
2791
19184
23571
23524
3573
16805
28063
26237
20397
31280
25631
22239
26153
22045
28541
24469
13013
1519
16321
27611
16910
14948
319
31490
18671
31483
26895
19222
13671
17844
26046
5823
1167
23575
18499
27237
21307
24951
31029
21655
23760
11896
3643
30126
23637
32207
21443
12973
972
22089
7927
3948
32194
22031
31724
29686
11557
17192
3101
24879
8022
1343
10521
22714
25727
27815
8056
31769
16935
27292
5651
10006
29699
7884
30069
2402
28431
24086
25484
893
23262
5777
10148
19157
13614
13520
2711
6450
21440
28260
1853
27473
14439
5539
24362
4815
27486
23208
26521
8010
20446
7579
8867
25282
9968
13875
30901
5445
13441
21624
9792
23499
15028
24270
12722
13919
16252
28975
32166
6527
20585
25016
19287
14022
14530
28263
16731
14536
24021
30755
19086
30270
13707
28412
24908
24675
2879
21429
6883
12445
1744
29311
1863
6496
10741
15112
14600
32335
14289
22964
2434
30629
15048
30250
27988
9428
7312
15123
27923
4716
1163
2846
5695
14141
28756
1864
30837
19648
15000
19034
743
1715
1063
32179
22026
28164
13130
11079
23950
25328
32088
28904
18067
2668
11908
30917
9754
10948
9209
23344
25529
15234
11305
19876
15508
11409
16737
17158
29320
10402
21153
24875
31657
22223
3756
28571
17903
24446
25947
9108
25388
14473
13110
27986
12609
31900
19269
10894
21138
20958
21284
25157
2743
9171
9558
28090
21365
13441
11739
12990
15852
18641
29957
21295
29713
29753
19591
30143
28255
18328
21199
3062
12746
26465
16534
14715
10741
19708
13493
16527
29604
14185
29242
6106
11124
3879
17595
3434
5322
16724
32490
6905
11529
22037
18282
20334
32520
17976
10209
29095
19139
21528
4687
16502
21840
27585
20638
29673
29973
20053
4730
25551
11833
3247
3426
30583
29528
5445
25343
17083
24187
22867
16821
29757
30279
19766
29561
30961
21364
18453
20194
30940
14977
1735
16002
4379
32166
22001
21110
28454
15115
10095
4156
12630
19255
5878
29893
12453
29643
8695
23755
6070
12912
5830
18277
27413
13326
32507
9945
26303
19519
2329
13233
21733
259
13677
30225
16877
32437
19001
31047
12730
2109
21266
23972
14893
14216
12167
15498
9963
8757
29955
4807
2657
13969
10229
9505
24582
25798
4141
4914
9184
26703
11401
3191
842
17839
2514
23459
2804
20579
225
15417
30251
19733
8198
11865
859
1042
17322
15578
29138
22526
8754
27034
3270
13511
20263
13330
26522
27351
31124
28206
12125
19086
27056
21339
13716
5103
445
5601
6201
3737
17968
22131
11011
24057
12562
14852
1512
26047
21670
4573
23777
21134
4428
18925
1261
6904
25253
4448
19032
3241
2040
29043
31805
14818
3029
18054
20810
23338
28408
20338
2499
31040
31343
18206
29385
29523
32000
15437
11997
13685
30661
7098
26528
13134
32281
8295
19676
31501
19640
7730
1224
29860
23585
23209
29064
8501
29247
26655
28660
28359
30537
14080
29594
29758
4583
20833
9222
10634
20118
29915
24385
28702
22093
32410
17815
32676
30817
23985
12957
2799
2982
32688
18291
12593
27351
27513
27207
3950
4151
32335
24346
1584
5241
32560
24007
1917
5341
31845
18753
262
17565
10071
27676
13985
11655
8868
24143
8441
25579
30322
30776
9348
12727
7940
30432
13494
31969
27019
13697
14197
27909
4926
8261
15564
5200
24236
17489
24291
8092
4945
8450
24111
20956
7016
7798
19942
20155
13313
19791
25782
30848
25427
21427
17846
25909
10579
11159
21917
12040
7814
5694
28722
9201
29971
26876
4611
6293
4124
5952
19034
25195
9550
7634
2413
15645
7351
13144
7893
7985
8920
25119
31809
16872
8444
28440
4204
24678
4040
12833
20044
29204
22546
17286
13453
25667
13815
8904
26941
5906
21031
15005
15817
8593
1412
26167
12072
8486
31468
23497
13910
6192
9042
8264
32004
8171
12308
26735
19086
29076
1928
2821
15661
2765
26584
26722
9070
28994
11281
27440
2530
22925
26486
1647
20759
13655
19226
21691
24520
27840
2478
15570
17745
18177
11671
16209
24677
18000
5444
20926
24067
31493
2494
27339
9382
4602
9088
9177
32701
8759
29066
5052
8026
32207
5809
18110
16430
2565
20793
30694
4021
25267
8357
28538
8366
19693
32206
10946
974
15585
22835
12559
22709
29441
21392
14844
27425
29797
25778
2292
12386
25194
25737
8692
14606
30112
10879
15250
27381
8163
14088
4671
5975
6599
7034
201
16725
24378
5152
548
10406
24420
2185
105
27787
25554
26150
5407
23301
29396
2325
7866
16453
12579
10039
20321
19044
1735
29064
6388
21844
2872
24496
6734
13079
31940
22997
29127
17454
18224
13492
6397
29781
23970
13296
11733
28525
27583
1705
19644
8890
8720
29265
24627
24142
8618
8123
2442
10949
19214
15989
1771
10035
29774
29272
15003
859
19057
16221
14205
27170
25113
26547
30424
28739
15203
28686
7001
23363
15631
15937
25948
21672
27361
1551
15463
23910
23366
30782
29175
5530
12347
26606
8576
11386
5995
23081
20911
3212
5527
13243
15090
6167
8507
31044
22330
2520
20591
21899
7936
19957
7691
23061
6022
26423
2574
11767
5727
13427
6465
7912
24113
10825
30743
18586
30906
21777
17624
17995
29201
14099
17662
8855
22830
22262
2528
31120
10669
4732
18573
272
719
2412
26875
27470
20418
13519
4193
22448
17698
32350
10977
17888
22463
27708
14442
16162
4257
13537
24797
10725
25161
20310
4974
31639
25402
21416
13646
15550
4536
16279
9095
4933
1232
29582
3111
18195
11928
31704
25248
29923
5048
31248
29551
25423
7209
17113
23292
11821
24893
976
25537
15391
7392
1471
4015
12902
7709
24340
20685
23287
26340
10897
13603
12497
22282
5700
2518
1677
2193
24250
14740
31543
16682
2672
27186
12636
7416
31114
7572
31844
22167
7623
22990
30754
20573
28341
7304
16042
17119
28193
7591
12387
13495
20690
9514
605
8069
8055
30801
1764
26164
25565
8709
25685
127
13925
6772
11824
32691
16310
4604
5231
20662
687
25418
7446
24392
671
28867
7180
32393
6585
28962
23849
15035
5058
28515
13456
30794
24845
481
26943
1033
30121
31931
11748
30911
10457
9083
7154
7650
10436
7674
25845
9122
22126
13438
11811
24618
7655
5926
18995
29218
7875
13448
17778
27768
14537
25496
30739
28512
20720
25804
4806
21145
25223
32381
22925
17650
12467
14481
203
1294
11294
31575
24734
5988
24814
5554
29295
7561
244
28282
19656
12978
24102
25887
4453
29045
26960
9615
397
1743
2310
29530
11427
30315
23773
12308
27896
29729
16603
8444
9955
30398
9515
14298
32276
26627
3605
25390
29989
5616
20526
10630
11122
18754
23756
5168
11563
9530
12989
11537
2471
13472
18233
5077
9211
18440
31508
28233
29132
2388
28728
14340
7265
26746
21331
13645
14332
17799
28109
3385
1387
31716
5117
20244
29146
13016
17308
26370
18667
5967
1658
17894
19721
25306
28015
16515
10745
21494
14229
27106
30129
31633
31156
27891
13166
970
23038
10614
3329
21497
13309
6172
13929
13807
14537
14826
12199
24703
24446
5855
22734
2877
14829
4054
3162
28549
402
1966
13250
23231
28871
10151
2641
13794
15414
17167
561
9783
16532
7711
32713
11104
14477
7200
24393
24216
3834
6353
30850
14140
8538
28941
5372
30859
1664
32425
3138
11434
11657
2972
31361
20714
26897
98
17745
5966
15015
20898
25299
24904
29309
28942
5884
22468
30564
17802
6960
17511
19192
28305
25619
4121
7704
22229
31132
2753
2458
23078
5483
24655
16188
661
31580
24320
18141
8409
16476
29405
7149
17394
29563
31366
16162
21516
23875
22829
4204
21669
18760
27109
1324
4594
3585
14365
3745
15743
18134
8551
17570
15895
29818
17535
10387
14051
30587
24968
5266
2517
6424
3992
10993
22856
5714
27511
23017
19680
24902
9124
18316
7608
3257
1433
14844
11708
5621
28752
20443
11859
212
20486
7426
6722
31258
1855
32630
1741
29703
26890
16535
4126
28973
10374
22171
25835
29056
24997
23099
13652
13740
7984
1196
2314
19627
524
18897
16566
8086
28091
25263
18073
28603
24101
23585
12911
31473
19097
32205
25754
14888
14863
7510
23676
28228
27824
12756
20005
28460
16024
15233
15150
28957
10202
21428
4836
13381
32196
30996
7594
21133
22885
27653
14232
8118
18253
12135
7784
20391
9364
384
22163
22277
19742
24886
27575
14853
32540
29570
4156
15742
6102
23841
24631
11843
3497
25741
19342
12975
19275
28715
27486
23169
20567
13510
18073
24810
15109
10300
18932
21733
7992
3191
30464
7111
20159
9887
3734
535
30420
30350
14969
20127
14057
645
31287
3011
5285
2845
22352
31506
28969
15232
9370
26395
25495
10712
19684
18306
7381
15368
29914
27475
14478
17563
29737
7573
8058
27641
27107
30755
24288
14817
28708
22711
6489
21267
13046
11336
29910
16205
28274
1174
10724
19321
6184
11267
6191
23589
14273
11172
1093
17459
13027
30616
25245
29650
4181
13720
21464
5037
30308
20944
13894
24674
26757
21997
28844
23093
2107
13944
23109
7430
23867
2658
25606
29824
26831
24800
26406
148
2168
10617
15582
32293
27607
25180
878
2053
8653
248
13408
25633
226
18631
28688
12536
28387
1130
8812
1874
19407
21755
25849
25646
1013
2975
16919
28412
3414
16730
15749
28684
21584
8488
17959
2887
23422
6217
29959
4893
4826
24796
15771
1982
10788
6831
29510
5773
25224
26198
18464
11729
9083
13946
10490
30894
22246
19316
6813
22357
20614
3354
31827
10103
17554
14041
21417
28927
4511
2565
1394
19200
25026
31340
8207
3308
26356
2353
6894
8200
14010
16856
12113
1308
2309
3485
11857
25199
24150
20746
30754
11762
20775
1992
30872
18364
5767
21174
19690
6326
29188
11320
30391
2456
8397
14034
16454
26132
24
23029
13842
80
29378
8472
22918
10394
18997
4363
28933
19800
13967
26504
6445
22333
513
30988
31581
5571
7028
8420
19828
20437
13427
30603
32476
19659
30277
17203
14024
27036
4697
22178
1977
3663
12776
21055
31815
6067
2261
31597
24862
2384
4056
7703
28743
7069
10715
11404
16809
31348
14500
4494
9423
18370
25781
26789
18411
13955
7280
4282
20507
20974
3711
19680
18156
17644
9075
26485
285
13775
15019
2922
25253
2625
11896
18399
9206
10106
25470
29171
31876
695
26462
22746
22145
5607
25234
48
28651
3239
24984
21644
3273
15728
14674
3673
7858
17167
2733
14049
1422
19030
10625
939
19873
26642
27320
31751
3781
2877
7603
7399
20726
24436
13545
28400
6676
13227
25041
17105
2277
14623
10243
2004
8538
11916
11162
28850
11795
19360
16092
23212
23332
176
29469
10967
28186
24235
12512
5560
16185
15180
6976
1296
22536
26003
17038
4089
23312
32373
27196
14642
6368
18899
26105
26552
30292
2985
21022
19862
2071
17800
11081
12541
1895
26694
2375
19351
1048
19956
312
13337
30684
4112
29421
1560
7873
3580
17813
15389
14587
14255
22425
28667
6628
28843
9668
30048
10305
7982
28071
683
13255
15277
20284
23549
17374
29822
12745
13459
17316
14805
28679
14931
12085
17905
3972
32676
9770
30103
1862
14211
1887
1216
22961
30676
31226
911
1451
30197
1960
6021
4861
29081
11306
23800
15868
16852
32273
31937
1642
14450
21701
18998
9623
20365
4044
32088
12235
21855
25417
23885
25832
2644
19907
28432
29772
25955
6952
31847
14325
29343
6418
1813
10984
9
24648
31825
7891
3241
22408
15480
29937
11741
21380
19199
24110
24304
30762
15019
26252
28398
16168
10756
20421
183
18352
25607
32562
20819
21368
31003
747
14469
5382
25670
29232
6051
13098
4257
11527
10916
9676
21257
16167
28539
20455
11288
27157
6052
31446
26195
6797
14332
5839
25765
19747
10965
25773
13581
9770
22602
27890
15251
16597
22736
26636
2432
31132
9742
31703
13518
14305
19951
29284
17374
31444
23541
19961
361
11668
27856
24152
19641
1687
8239
15172
14873
30283
23766
18498
6026
26877
6896
9629
10679
24571
10407
12972
13611
9717
7411
1367
10178
8873
27823
31448
30301
4544
22002
17855
730
8434
5532
7481
7748
14705
6959
29073
31558
30853
12001
18935
9446
7027
15855
12161
19824
25252
16691
18799
2479
12291
29177
3763
19555
25767
16655
12465
13808
16818
17435
9027
3156
20601
3377
26112
28507
5605
8357
29374
7446
5401
32030
30037
23177
25940
27116
12454
21668
24345
32668
13532
3445
9358
7881
19186
10651
2339
18741
14710
12798
7283
4376
18060
7613
23663
4791
6965
14440
21177
11321
27601
14448
8526
26550
2531
6619
17000
19346
17173
4412
32675
1289
12668
10979
25694
8458
24860
27217
12132
18249
28335
32239
1996
11152
930
23295
31005
10581
21345
21970
31414
15762
32212
2619
1645
21201
31529
10309
631
4998
29909
31009
648
13986
12245
12386
9274
31333
27706
23917
2739
16756
24036
4394
15746
1579
8846
3072
28363
6196
22795
2049
27812
22617
15822
29537
16830
26262
28848
12077
18760
30323
18414
9785
14864
15761
21617
20571
27884
12418
31571
30166
25176
477
18590
18201
19296
6034
24407
7338
6593
27260
10939
29533
23371
1077
13512
30921
25737
3886
17919
15356
3748
11519
12905
22126
3205
1787
30680
8500
6970
19720
4463
19062
4507
5806
9316
24355
4909
23149
27141
7395
27206
28500
31481
8270
19826
19663
24521
17243
5142
31937
2719
16411
7763
29650
7757
27559
29741
17419
9872
7511
24557
23968
9622
5684
1987
21004
6847
31920
19120
19811
26273
16533
25763
14820
12366
31548
7651
16846
12249
8191
2476
9078
534
4336
6173
2965
27042
27596
32594
27110
8483
9002
16333
29681
8913
14328
18458
18977
2358
10024
31666
29469
27953
24487
8481
8533
25921
21647
31588
30427
2560
32669
4757
15221
9198
26597
28618
14576
26224
196
20538
12727
23577
29975
5025
9636
26663
12970
27110
22805
337
18932
1019
21059
2496
30209
19462
16591
26715
24751
26814
926
18247
30493
4119
16615
7086
25185
27937
17546
23232
30841
7469
6308
32760
14724
2099
3168
18593
11571
6256
7440
18584
13434
5459
30076
15443
9099
9626
30585
15394
14340
15545
958
13493
16231
30587
29684
18655
460
11243
31500
153
17618
12405
24533
26954
31451
7753
17870
2886
29305
4864
30777
22676
6691
13698
27504
30964
11309
551
26748
5920
22263
8732
5860
4947
13668
21001
22723
16136
11149
7152
11549
1540
31671
26713
3187
10390
10115
10924
29589
27422
29029
11486
4280
24268
4695
15951
18120
10154
30671
18931
31488
25565
7662
6065
24759
6184
23034
15624
14205
17841
10510
248
12134
3336
22288
14112
26534
613
4580
22052
15198
5937
15583
19793
20662
15560
6271
23940
7724
9342
4697
31047
23084
16608
20818
28734
2272
27708
21010
27074
7241
22627
10166
29387
23183
11181
13509
8979
32405
28478
28774
7544
18129
12936
3024
28578
26203
2065
3073
5351
3139
16246
11187
8299
29992
177
6540
21132
15110
11415
26261
7549
22352
9892
14573
23856
2879
27643
5823
18042
8809
7081
23921
20850
17301
21546
14622
8986
17358
2606
12359
14913
12214
15517
6085
25511
32541
10712
770
14691
9938
27202
1129
12674
31929
5119
21019
32753
8734
19451
8932
20381
26697
26670
22381
5848
25427
1823
17331
2815
7992
16551
11447
30553
11052
21496
20088
31555
28467
30429
32286
29578
32748
10820
15480
4889
25773
14329
19624
28372
981
15796
8989
195
10590
26966
16578
26227
23474
19056
20085
24217
29376
23813
3259
18937
9550
12689
27570
13190
145
22089
24391
9163
32251
26021
17320
17289
11092
24092
26109
4514
6412
10030
1363
12341
720
26536
24536
3339
26203
4388
8270
26930
31887
17615
16314
999
18628
30063
12124
27834
12896
27300
24292
16620
23719
2413
29411
22556
12501
1519
16256
9250
20074
25202
23404
18492
21958
24493
24344
11112
16629
16963
9253
2576
16076
4493
6428
19180
17461
13210
32095
6949
18375
2676
6495
5558
23450
30373
18192
31256
6489
25338
24218
13854
5272
15751
23378
18206
18280
491
19688
13905
11561
14550
26849
13436
32672
4296
20552
6352
19018
29723
23969
18191
18415
16451
3871
16625
15993
597
24855
26310
19719
23750
11443
11100
24638
31349
24299
16163
16607
13036
7089
30351
28831
17379
8556
28606
18739
17414
168
15195
4522
13049
31756
3266
32255
19096
9356
13669
19695
30083
1504
28526
30728
3802
30516
15270
10755
20293
25633
22165
28499
2872
8668
2283
21758
9845
9389
22302
27052
24786
10659
21589
21757
24636
10375
7301
31008
7164
8718
14809
21154
3385
7762
31064
2691
18622
28547
29378
28303
26110
3290
18362
17387
22357
6607
24106
10223
6033
28044
6628
29491
20657
11937
22917
21229
24557
22265
15007
3194
23286
13325
26903
7994
31358
14167
32203
14497
3579
11018
12408
11915
23720
7936
24796
29648
6093
8692
15127
15129
16961
6897
31575
15346
12589
22282
5300
20000
2578
8012
16217
20276
25102
27377
12773
1632
25179
470
2577
31370
5656
9008
10386
28319
17740
1146
1089
30762
296
15538
14457
25637
17804
28612
21184
24078
21453
20039
9130
3390
10934
15719
5883
7287
16332
15138
22284
24508
24022
21176
16240
3173
19613
13660
25302
14194
9713
19248
10289
3616
31724
20592
17175
31930
13435
21229
2919
14258
15897
9150
30767
23280
478
4402
16845
4970
14009
32009
28500
1781
31226
8931
21297
28250
20755
8952
15118
5549
30879
9482
22262
14042
9379
10136
7098
25217
5652
20309
9364
27396
10650
19160
22539
1502
17300
7829
21526
5942
15708
27916
25988
23475
14284
3904
3739
25747
30465
4459
24832
6647
11102
26608
11991
14209
19412
28817
22314
30497
25953
5090
12687
24108
983
6909
23813
24751
6111
3448
30240
20226
32317
11156
30822
16800
3158
22711
20216
30517
17903
2589
22645
22777
8247
3530
25115
6461
30216
15811
24111
8259
4458
29565
22943
15187
28249
20374
29927
16907
6856
10691
25649
9719
22501
15626
15040
8290
24735
25649
1422
29291
31077
31350
31028
27483
11569
13440
14091
10549
23494
1430
28049
18319
32054
25871
22542
28833
16038
2057
24951
1180
23637
25438
28306
19261
23771
2516
4955
25505
4527
14996
14247
26203
236
13278
28423
28100
7253
7674
2031
30866
27030
8818
5655
23212
32717
894
31778
12349
32328
18368
14462
1799
24720
20017
31115
12795
21415
24156
15615
31494
28815
2250
32393
10029
11
27581
14772
220
11178
12321
17167
23675
16384
21183
15499
19267
25655
3508
10532
28752
27335
30241
25539
11255
8065
8741
32099
4441
14034
27400
18035
23096
16966
8121
1916
19722
20043
15227
11524
18764
3384
29915
27314
28185
13197
14565
6579
3835
27004
26263
22107
27393
30121
24214
8464
23058
1327
15136
1636
25728
13539
17474
4737
30944
16348
29771
5066
13338
30515
8320
28863
28604
26375
6673
5409
2708
19652
23372
14935
8061
17061
5393
3857
7801
17528
12422
555
31744
29090
6411
13524
27288
12386
25201
22511
21158
5722
8038
30905
31876
14923
31796
173
8403
21280
29100
27813
21267
18478
9308
32577
31345
5818
17417
29324
19679
12475
32601
27869
106
14562
24527
15612
9928
16344
8700
8582
26417
26311
24052
8083
2673
2843
5120
11413
3386
24458
29074
12164
11454
5713
25214
7480
8573
193
16998
13334
31836
18427
17014
6894
23032
8952
22354
26404
24633
11724
17229
19982
14890
17963
4316
1438
1544
4396
4426
6209
27033
3661
13229
12294
16574
23479
18456
7427
6732
4036
786
6901
30488
19391
21831
6694
32593
27627
27518
3988
8723
30918
27339
4175
21304
15758
15622
15395
23410
10245
379
15223
28311
21874
30179
21621
31803
28904
27540
23403
28292
18122
7412
625
19258
12687
30515
